0 0.26875 0.3194444444444444 0.28828125 0.3263888888888889 0.296875 0.3333333333333333 0.30703125 0.3541666666666667 0.30703125 0.35833333333333334 0.2984375 0.38055555555555554 0.28515625 0.3972222222222222 0.28046875 0.41388888888888886 0.27578125 0.41388888888888886 0.24921875 0.3875 0.246875 0.37777777777777777 0.24765625 0.35 0.25078125 0.34305555555555556 0.25234375 0.33055555555555555 0.2609375 0.31666666666666665 0.26796875 0.3194444444444444
0 0.2359375 0.7555555555555555 0.2546875 0.7722222222222223 0.2546875 0.7777777777777778 0.24765625 0.7930555555555555 0.23046875 0.7902777777777777 0.2234375 0.7861111111111111 0.2234375 0.7763888888888889 0.228125 0.7583333333333333 0.23046875 0.7541666666666667 0.23515625 0.7555555555555555
0 0.21875 0.8222222222222222 0.22265625 0.8277777777777777 0.22265625 0.8388888888888889 0.21015625 0.8611111111111112 0.2125 0.8930555555555556 0.20859375 0.9125 0.20390625 0.9208333333333333 0.20234375 0.9305555555555556 0.17890625 0.9944444444444445 0.16796875 0.9958333333333333 0.16640625 0.9986111111111111 0.14921875 0.9986111111111111 0.14765625 0.9930555555555556 0.153125 0.9694444444444444 0.1625 0.9444444444444444 0.17421875 0.8944444444444445 0.18046875 0.8736111111111111 0.18515625 0.8652777777777778 0.196875 0.8541666666666666 0.21171875 0.8222222222222222 0.21796875 0.8222222222222222
0 0.33125 0.4013888888888889 0.34140625 0.4166666666666667 0.3421875 0.4236111111111111 0.3390625 0.4263888888888889 0.33125 0.4166666666666667 0.32109375 0.41805555555555557 0.31875 0.41388888888888886 0.32109375 0.4027777777777778 0.32578125 0.4 0.33046875 0.4013888888888889
0 0.49765625 0.5611111111111111 0.5015625 0.5666666666666667 0.5015625 0.5805555555555556 0.49921875 0.5930555555555556 0.49765625 0.5958333333333333 0.49375 0.5944444444444444 0.4953125 0.5805555555555556 0.49453125 0.5638888888888889 0.496875 0.5625
0 0.16796875 0.8 0.18515625 0.8 0.18984375 0.8083333333333333 0.18828125 0.8125 0.171875 0.8125 0.16796875 0.8013888888888889
0 0.33125 0.4027777777777778 0.3453125 0.42083333333333334 0.35 0.42083333333333334 0.36015625 0.4125 0.365625 0.41388888888888886 0.365625 0.41944444444444445 0.34921875 0.43472222222222223 0.334375 0.4375 0.32734375 0.43472222222222223 0.32734375 0.4305555555555556 0.33359375 0.42777777777777776 0.33046875 0.4166666666666667 0.32109375 0.41805555555555557 0.31953125 0.4152777777777778 0.32109375 0.4041666666666667 0.33046875 0.4027777777777778
0 0.41796875 0.9 0.428125 0.9152777777777777 0.42890625 0.9208333333333333 0.425 0.9347222222222222 0.425 0.9430555555555555 0.42890625 0.9583333333333334 0.42890625 0.9708333333333333 0.42421875 0.9986111111111111 0.38671875 0.9986111111111111 0.38984375 0.975 0.40234375 0.9375 0.40703125 0.9111111111111111 0.4140625 0.9013888888888889 0.4171875 0.9013888888888889
0 0.3 0.7458333333333333 0.30625 0.7486111111111111 0.31015625 0.7583333333333333 0.30390625 0.75 0.29609375 0.7472222222222222 0.290625 0.7611111111111111 0.29296875 0.7680555555555556 0.29609375 0.7680555555555556 0.29453125 0.7722222222222223 0.29609375 0.7777777777777778 0.3046875 0.7805555555555556 0.30703125 0.7944444444444444 0.30546875 0.8111111111111111 0.28203125 0.8166666666666667 0.278125 0.8236111111111111 0.27890625 0.8333333333333334 0.2671875 0.8513888888888889 0.26171875 0.85 0.25859375 0.8319444444444445 0.25078125 0.8166666666666667 0.2484375 0.8 0.2453125 0.7930555555555555 0.228125 0.7888888888888889 0.2234375 0.7833333333333333 0.22890625 0.7583333333333333 0.23515625 0.7555555555555555 0.24765625 0.7666666666666667 0.2625 0.7736111111111111 0.2859375 0.7402777777777778 0.29921875 0.7458333333333333
0 0.3046875 0.8125 0.3140625 0.8166666666666667 0.3171875 0.825 0.31640625 0.8444444444444444 0.31328125 0.85 0.30625 0.8541666666666666 0.3 0.8527777777777777 0.2921875 0.8402777777777778 0.2796875 0.8361111111111111 0.27734375 0.8319444444444445 0.278125 0.8208333333333333 0.28203125 0.8166666666666667 0.30390625 0.8125
0 0.34296875 0.5111111111111111 0.34921875 0.5208333333333334 0.35078125 0.5333333333333333 0.35625 0.5513888888888889 0.35625 0.5694444444444444 0.353125 0.575 0.3359375 0.5888888888888889 0.32578125 0.5930555555555556 0.3140625 0.6041666666666666 0.29921875 0.6069444444444444 0.28984375 0.6138888888888889 0.271875 0.6027777777777777 0.26484375 0.6069444444444444 0.259375 0.5972222222222222 0.25859375 0.5902777777777778 0.26640625 0.5805555555555556 0.2734375 0.5527777777777778 0.28359375 0.5402777777777777 0.30234375 0.5305555555555556 0.32421875 0.5138888888888888 0.334375 0.5097222222222222 0.3421875 0.5111111111111111
0 0.19609375 0.6819444444444445 0.19921875 0.6847222222222222 0.20078125 0.6916666666666667 0.2 0.7027777777777777 0.19765625 0.7083333333333334 0.20078125 0.7125 0.2140625 0.75 0.2140625 0.7722222222222223 0.20859375 0.7805555555555556 0.1921875 0.7777777777777778 0.1890625 0.7736111111111111 0.18828125 0.7652777777777777 0.178125 0.7513888888888889 0.17890625 0.7430555555555556 0.18828125 0.7125 0.19453125 0.7069444444444445 0.19140625 0.7 0.19140625 0.6888888888888889 0.1953125 0.6819444444444445
0 0.3015625 0.7347222222222223 0.30703125 0.7402777777777778 0.3078125 0.7472222222222222 0.31796875 0.7694444444444445 0.31875 0.7875 0.31484375 0.7944444444444444 0.30625 0.7944444444444444 0.30234375 0.7833333333333333 0.296875 0.7777777777777778 0.28984375 0.7763888888888889 0.28828125 0.7541666666666667 0.2828125 0.7416666666666667 0.29296875 0.7277777777777777 0.296875 0.7277777777777777 0.30078125 0.7347222222222223
0 0.35859375 0.43333333333333335 0.36796875 0.45555555555555555 0.3671875 0.4652777777777778 0.36328125 0.46944444444444444 0.359375 0.46944444444444444 0.35546875 0.4638888888888889 0.3484375 0.44166666666666665 0.35078125 0.4361111111111111 0.3578125 0.43333333333333335
0 0.246875 0.32083333333333336 0.25390625 0.325 0.2515625 0.3347222222222222 0.246875 0.3347222222222222 0.240625 0.32916666666666666 0.240625 0.32222222222222224 0.24609375 0.32083333333333336
0 0.31015625 0.7 0.32421875 0.7083333333333334 0.32421875 0.7194444444444444 0.321875 0.7263888888888889 0.31796875 0.7319444444444444 0.3109375 0.7347222222222223 0.30078125 0.7319444444444444 0.29609375 0.7236111111111111 0.29609375 0.7097222222222223 0.30234375 0.7013888888888888 0.309375 0.7
0 0.15078125 0.6708333333333333 0.15390625 0.6666666666666666 0.1578125 0.6666666666666666 0.17421875 0.6763888888888889 0.1859375 0.6875 0.18984375 0.6972222222222222 0.1875 0.7125 0.17890625 0.7388888888888889 0.16953125 0.7597222222222222 0.159375 0.7722222222222223 0.14609375 0.775 0.1328125 0.7611111111111111 0.1296875 0.7375 0.1328125 0.7194444444444444 0.14140625 0.7013888888888888 0.15078125 0.6722222222222223
0 0.21328125 0.5111111111111111 0.22890625 0.5180555555555556 0.23203125 0.525 0.2328125 0.5361111111111111 0.2328125 0.5541666666666667 0.22890625 0.5736111111111111 0.22734375 0.6055555555555555 0.22109375 0.625 0.2078125 0.6388888888888888 0.20546875 0.6472222222222223 0.19921875 0.6486111111111111 0.19765625 0.6375 0.19140625 0.6291666666666667 0.18515625 0.6111111111111112 0.1890625 0.5666666666666667 0.19765625 0.5222222222222223 0.20234375 0.5152777777777777 0.2125 0.5125
0 0.29375 0.4166666666666667 0.021875 0.013888888888888888
0 0.221875 0.3388888888888889 0.2390625 0.3416666666666667 0.24453125 0.3472222222222222 0.24296875 0.3597222222222222 0.246875 0.3888888888888889 0.24609375 0.4097222222222222 0.24765625 0.41388888888888886 0.24765625 0.42916666666666664 0.24375 0.4375 0.2375 0.44027777777777777 0.22734375 0.43333333333333335 0.22109375 0.4388888888888889 0.20234375 0.4361111111111111 0.19609375 0.44583333333333336 0.18671875 0.45416666666666666 0.18125 0.45 0.18125 0.43472222222222223 0.17734375 0.42916666666666664 0.17890625 0.4013888888888889 0.18828125 0.37916666666666665 0.203125 0.3625 0.21875 0.35 0.2203125 0.3472222222222222 0.21875 0.3416666666666667 0.22109375 0.3388888888888889
0 0.28515625 0.45 0.28828125 0.45555555555555555 0.28984375 0.46805555555555556 0.28515625 0.4888888888888889 0.27265625 0.49583333333333335 0.26484375 0.5138888888888888 0.2546875 0.5166666666666667 0.2453125 0.5333333333333333 0.240625 0.5361111111111111 0.2375 0.5361111111111111 0.23515625 0.5319444444444444 0.23359375 0.5194444444444445 0.228125 0.5097222222222222 0.22734375 0.5041666666666667 0.2296875 0.49444444444444446 0.2375 0.48333333333333334 0.2625 0.4625 0.27734375 0.4513888888888889 0.284375 0.45
0 0.34765625 0.6375 0.36015625 0.6555555555555556 0.38125 0.6777777777777778 0.3875 0.6902777777777778 0.39140625 0.7097222222222223 0.3921875 0.7333333333333333 0.396875 0.7513888888888889 0.3953125 0.7625 0.39140625 0.7680555555555556 0.38671875 0.7680555555555556 0.38125 0.7611111111111111 0.3625 0.7611111111111111 0.35234375 0.7513888888888889 0.3390625 0.7319444444444444 0.3203125 0.6930555555555555 0.3171875 0.6819444444444445 0.3203125 0.6625 0.33359375 0.6402777777777777 0.3390625 0.6361111111111111 0.346875 0.6375
0 0.01796875 0.8736111111111111 0.021875 0.8777777777777778 0.0390625 0.875 0.0453125 0.8791666666666667 0.07890625 0.9333333333333333 0.08203125 0.9430555555555555 0.08203125 0.9569444444444445 0.07265625 0.9819444444444444 0.06875 0.9861111111111112 0.0609375 0.9861111111111112 0.0515625 0.9805555555555555 0.00625 0.9472222222222222 0.00390625 0.9416666666666667 0.0046875 0.8847222222222222 0.009375 0.875 0.0171875 0.8736111111111111
0 0.32734375 0.49166666666666664 0.33125 0.4986111111111111 0.3265625 0.5055555555555555 0.32421875 0.5055555555555555 0.3203125 0.4986111111111111 0.32109375 0.4930555555555556 0.3265625 0.49166666666666664
0 0.23359375 0.5527777777777778 0.24375 0.5777777777777777 0.24375 0.5902777777777778 0.24140625 0.5944444444444444 0.23671875 0.5958333333333333 0.2296875 0.5861111111111111 0.2296875 0.5638888888888889 0.23046875 0.5569444444444445 0.2328125 0.5541666666666667
0 0.32578125 0.325 0.3609375 0.3375 0.36953125 0.3486111111111111 0.37421875 0.3763888888888889 0.3734375 0.3875 0.3578125 0.40555555555555556 0.340625 0.4041666666666667 0.3203125 0.3972222222222222 0.3125 0.39166666666666666 0.309375 0.3861111111111111 0.3078125 0.36666666666666664 0.3125 0.3388888888888889 0.31640625 0.32916666666666666 0.325 0.325
0 0.46171875 0.925 0.4640625 0.9305555555555556 0.46328125 0.9583333333333334 0.45859375 0.9986111111111111 0.42734375 0.9986111111111111 0.42734375 0.9875 0.43515625 0.9569444444444445 0.44609375 0.9416666666666667 0.44453125 0.9319444444444445 0.453125 0.9236111111111112 0.4609375 0.925
0 0.1578125 0.5 0.18984375 0.5111111111111111 0.19609375 0.5194444444444445 0.18671875 0.5708333333333333 0.18515625 0.5916666666666667 0.1796875 0.6 0.15390625 0.5944444444444444 0.13125 0.5847222222222223 0.12265625 0.5666666666666667 0.12890625 0.5375 0.1296875 0.5152777777777777 0.14140625 0.5041666666666667 0.15703125 0.5
0 0.25859375 0.7375 0.26484375 0.7444444444444445 0.26640625 0.7527777777777778 0.26640625 0.7638888888888888 0.2625 0.7708333333333334 0.25390625 0.7694444444444445 0.24765625 0.7583333333333333 0.24765625 0.75 0.25078125 0.7416666666666667 0.2578125 0.7375
0 0.16015625 0.6388888888888888 0.17578125 0.6513888888888889 0.17578125 0.6722222222222223 0.17109375 0.675 0.1578125 0.6666666666666666 0.15390625 0.6680555555555555 0.14375 0.6958333333333333 0.13359375 0.7166666666666667 0.13359375 0.7208333333333333 0.12578125 0.6708333333333333 0.13125 0.6611111111111111 0.1421875 0.6527777777777778 0.15078125 0.6416666666666667 0.159375 0.6388888888888888
0 0.3125 0.475 0.3171875 0.4791666666666667 0.321875 0.49027777777777776 0.32109375 0.5 0.31484375 0.5055555555555555 0.2984375 0.5055555555555555 0.2953125 0.5 0.29609375 0.4888888888888889 0.30234375 0.47638888888888886 0.30703125 0.4736111111111111 0.31171875 0.475
0 0.284375 0.7472222222222222 0.2875 0.7569444444444444 0.28828125 0.7680555555555556 0.2875 0.7944444444444444 0.28515625 0.8027777777777778 0.2859375 0.8097222222222222 0.28515625 0.8138888888888889 0.27734375 0.8208333333333333 0.2765625 0.8347222222222223 0.27421875 0.8402777777777778 0.26796875 0.8513888888888889 0.26484375 0.8527777777777777 0.2609375 0.8486111111111111 0.25859375 0.8319444444444445 0.25078125 0.8166666666666667 0.24765625 0.7972222222222223 0.23984375 0.7902777777777777 0.22734375 0.7888888888888889 0.2234375 0.7847222222222222 0.2234375 0.7791666666666667 0.23046875 0.7555555555555555 0.23359375 0.7541666666666667 0.253125 0.7708333333333334 0.26328125 0.7736111111111111 0.26875 0.7625 0.28359375 0.7472222222222222
0 0.271875 0.43333333333333335 0.27734375 0.4388888888888889 0.271875 0.45 0.26328125 0.4597222222222222 0.25859375 0.4597222222222222 0.2578125 0.45694444444444443 0.25859375 0.4375 0.2609375 0.43333333333333335 0.27109375 0.43333333333333335
0 0.13671875 0.7652777777777777 0.146875 0.7791666666666667 0.1546875 0.7777777777777778 0.16796875 0.8 0.1703125 0.8138888888888889 0.165625 0.8263888888888888 0.1625 0.8291666666666667 0.1546875 0.8277777777777777 0.14375 0.8041666666666667 0.14140625 0.7930555555555555 0.12890625 0.7791666666666667 0.13125 0.7680555555555556 0.1359375 0.7652777777777777
0 0.32421875 0.8444444444444444 0.3375 0.8583333333333333 0.353125 0.8805555555555555 0.36796875 0.8930555555555556 0.3703125 0.9027777777777778 0.36640625 0.9138888888888889 0.31953125 0.8611111111111112 0.3171875 0.8555555555555555 0.31796875 0.8472222222222222 0.3234375 0.8444444444444444
0 0.23046875 0.6291666666666667 0.2484375 0.6291666666666667 0.25234375 0.6361111111111111 0.24765625 0.6652777777777777 0.2484375 0.6958333333333333 0.2515625 0.7152777777777778 0.2390625 0.7444444444444445 0.2328125 0.7513888888888889 0.21328125 0.7444444444444445 0.2015625 0.7152777777777778 0.2015625 0.6861111111111111 0.1890625 0.6708333333333333 0.1890625 0.6527777777777778 0.19296875 0.65 0.21953125 0.6472222222222223 0.225 0.6319444444444444 0.2296875 0.6305555555555555
0 0.1796875 0.43194444444444446 0.184375 0.45694444444444443 0.18203125 0.4625 0.17265625 0.46944444444444444 0.16875 0.4666666666666667 0.165625 0.45555555555555555 0.16484375 0.4388888888888889 0.16875 0.43333333333333335 0.17890625 0.43194444444444446
0 0.2859375 0.6333333333333333 0.29453125 0.6472222222222223 0.296875 0.6597222222222222 0.29765625 0.6736111111111112 0.29375 0.6930555555555555 0.2875 0.6916666666666667 0.28203125 0.6805555555555556 0.28203125 0.6638888888888889 0.278125 0.6555555555555556 0.28046875 0.6347222222222222 0.28203125 0.6319444444444444 0.28515625 0.6333333333333333
0 0.08828125 0.8083333333333333 0.0921875 0.8083333333333333 0.11640625 0.8277777777777777 0.14140625 0.8402777777777778 0.13984375 0.8430555555555556 0.134375 0.8430555555555556 0.11875 0.8375 0.090625 0.8166666666666667 0.08828125 0.8097222222222222
0 0.29140625 0.5097222222222222 0.29375 0.5138888888888888 0.29375 0.5333333333333333 0.27734375 0.5444444444444444 0.26875 0.5694444444444444 0.26328125 0.575 0.2546875 0.5736111111111111 0.2515625 0.5680555555555555 0.25078125 0.5555555555555556 0.246875 0.5388888888888889 0.24921875 0.5263888888888889 0.2578125 0.5180555555555556 0.26953125 0.5166666666666667 0.2828125 0.5083333333333333 0.290625 0.5097222222222222
0 0.459375 0.8375 0.46640625 0.8472222222222222 0.46796875 0.8638888888888889 0.46171875 0.8791666666666667 0.4515625 0.8875 0.44453125 0.8861111111111111 0.446875 0.8805555555555555 0.446875 0.8736111111111111 0.44375 0.8666666666666667 0.4421875 0.8527777777777777 0.44921875 0.8388888888888889 0.45859375 0.8375
0 0.1921875 0.475 0.19765625 0.48194444444444445 0.19609375 0.49583333333333335 0.1921875 0.5 0.1875 0.5 0.1828125 0.49166666666666664 0.18359375 0.48333333333333334 0.18671875 0.4777777777777778 0.19140625 0.47638888888888886
0 0.3 0.6722222222222223 0.30703125 0.6777777777777778 0.3125 0.6902777777777778 0.3109375 0.6972222222222222 0.3 0.7013888888888888 0.29609375 0.7 0.2921875 0.6916666666666667 0.29609375 0.675 0.29921875 0.6722222222222223
0 0.45234375 0.8319444444444445 0.4609375 0.8375 0.4640625 0.8430555555555556 0.4671875 0.85 0.46796875 0.8638888888888889 0.46171875 0.8791666666666667 0.45078125 0.8888888888888888 0.44609375 0.8972222222222223 0.446875 0.9125 0.45 0.9194444444444444 0.44609375 0.9319444444444445 0.4421875 0.9319444444444445 0.4359375 0.925 0.43046875 0.9125 0.42109375 0.9 0.41953125 0.8958333333333334 0.41953125 0.8819444444444444 0.42421875 0.8638888888888889 0.4359375 0.8513888888888889 0.440625 0.8347222222222223 0.44765625 0.8291666666666667 0.4515625 0.8319444444444445
0 0.23359375 0.7541666666666667 0.253125 0.7708333333333334 0.26328125 0.7736111111111111 0.26875 0.7625 0.27578125 0.7569444444444444 0.2828125 0.7458333333333333 0.28671875 0.7486111111111111 0.28828125 0.7875 0.28515625 0.8125 0.2765625 0.8222222222222222 0.27578125 0.8361111111111111 0.2671875 0.8513888888888889 0.26171875 0.85 0.25859375 0.8319444444444445 0.25078125 0.8166666666666667 0.2484375 0.8 0.2453125 0.7930555555555555 0.22734375 0.7888888888888889 0.2234375 0.7847222222222222 0.2234375 0.7777777777777778 0.22890625 0.7569444444444444 0.2328125 0.7541666666666667
0 0.24140625 0.3611111111111111 0.24453125 0.36666666666666664 0.246875 0.38472222222222224 0.24609375 0.40694444444444444 0.24765625 0.42916666666666664 0.24296875 0.4388888888888889 0.23828125 0.44027777777777777 0.22890625 0.43472222222222223 0.2171875 0.44027777777777777 0.209375 0.4361111111111111 0.19453125 0.4361111111111111 0.1890625 0.42916666666666664 0.18671875 0.4152777777777778 0.19296875 0.4013888888888889 0.19375 0.39305555555555555 0.203125 0.3763888888888889 0.21328125 0.36666666666666664 0.2328125 0.3597222222222222 0.240625 0.3611111111111111
0 0.12109375 0.675 0.12734375 0.6861111111111111 0.13125 0.7222222222222222 0.125 0.7416666666666667 0.12265625 0.7583333333333333 0.115625 0.7625 0.1046875 0.7555555555555555 0.096875 0.7416666666666667 0.0953125 0.7291666666666666 0.096875 0.6944444444444444 0.1 0.6847222222222222 0.1046875 0.6805555555555556 0.1203125 0.675
0 0.12109375 0.6027777777777777 0.1234375 0.6111111111111112 0.11796875 0.6194444444444445 0.11796875 0.6527777777777778 0.11640625 0.6583333333333333 0.10703125 0.6763888888888889 0.10078125 0.6833333333333333 0.09375 0.7138888888888889 0.078125 0.7333333333333333 0.07109375 0.7513888888888889 0.065625 0.7555555555555555 0.0609375 0.7555555555555555 0.0546875 0.7472222222222222 0.053125 0.7402777777777778 0.05390625 0.7208333333333333 0.0609375 0.7097222222222223 0.07109375 0.6763888888888889 0.0875 0.6375 0.09609375 0.6236111111111111 0.109375 0.6152777777777778 0.1140625 0.6013888888888889 0.1203125 0.6027777777777777
0 0.31640625 0.8597222222222223 0.32109375 0.8638888888888889 0.328125 0.8777777777777778 0.3359375 0.9055555555555556 0.3375 0.9166666666666666 0.3359375 0.9277777777777778 0.30234375 0.9652777777777778 0.29765625 0.9736111111111111 0.28671875 0.9833333333333333 0.2828125 0.9944444444444445 0.2765625 0.9958333333333333 0.26484375 0.9944444444444445 0.2625 0.9902777777777778 0.24609375 0.9347222222222222 0.246875 0.9208333333333333 0.2625 0.8944444444444445 0.28125 0.8819444444444444 0.29921875 0.8652777777777778 0.315625 0.8597222222222223
0 0.23203125 0.4708333333333333 0.2359375 0.47638888888888886 0.23671875 0.48194444444444445 0.228125 0.49722222222222223 0.2265625 0.5083333333333333 0.2234375 0.5111111111111111 0.21640625 0.5069444444444444 0.2125 0.48333333333333334 0.22265625 0.4736111111111111 0.23125 0.4708333333333333
0 0.37734375 0.8930555555555556 0.38359375 0.9013888888888889 0.38984375 0.9194444444444444 0.38984375 0.925 0.3796875 0.9416666666666667 0.36953125 0.9375 0.36640625 0.9291666666666667 0.3671875 0.9138888888888889 0.3703125 0.9 0.371875 0.8958333333333334 0.3765625 0.8930555555555556
0 0.2140625 0.33194444444444443 0.2203125 0.3416666666666667 0.22109375 0.3486111111111111 0.21015625 0.35833333333333334 0.20546875 0.35694444444444445 0.2015625 0.3416666666666667 0.21328125 0.33194444444444443
0 0.31640625 0.6097222222222223 0.32109375 0.6236111111111111 0.32109375 0.6291666666666667 0.315625 0.6361111111111111 0.30234375 0.6430555555555556 0.29453125 0.6430555555555556 0.2921875 0.6388888888888888 0.290625 0.6152777777777778 0.3 0.6083333333333333 0.3140625 0.6069444444444444 0.315625 0.6097222222222223
0 0.41875 0.7819444444444444 0.42890625 0.7986111111111112 0.44296875 0.7972222222222223 0.44921875 0.8152777777777778 0.44921875 0.8222222222222222 0.4375 0.8347222222222223 0.4359375 0.8486111111111111 0.428125 0.8513888888888889 0.425 0.8555555555555555 0.4203125 0.8666666666666667 0.41875 0.8777777777777778 0.41484375 0.8819444444444444 0.40390625 0.8763888888888889 0.396875 0.8583333333333333 0.39140625 0.8722222222222222 0.38671875 0.8736111111111111 0.3796875 0.8638888888888889 0.3765625 0.8555555555555555 0.3765625 0.8486111111111111 0.38046875 0.8263888888888888 0.37890625 0.8125 0.38359375 0.7916666666666666 0.39921875 0.7805555555555556 0.41796875 0.7819444444444444
0 0.2234375 0.2708333333333333 0.2265625 0.28055555555555556 0.22578125 0.2861111111111111 0.2234375 0.2902777777777778 0.21640625 0.2875 0.2171875 0.2791666666666667 0.21953125 0.27361111111111114 0.22265625 0.2722222222222222
0 0.12109375 0.5736111111111111 0.12578125 0.5736111111111111 0.12890625 0.5805555555555556 0.128125 0.5875 0.12265625 0.5916666666666667 0.11953125 0.5875 0.11953125 0.5777777777777777 0.12109375 0.575
0 0.296875 0.42916666666666664 0.31171875 0.43194444444444446 0.32109375 0.44166666666666665 0.3234375 0.44583333333333336 0.31953125 0.4652777777777778 0.31328125 0.4736111111111111 0.30546875 0.475 0.2953125 0.46944444444444444 0.28984375 0.4597222222222222 0.28671875 0.44305555555555554 0.28984375 0.43472222222222223 0.29609375 0.4305555555555556
0 0.096875 0.8680555555555556 0.10390625 0.9111111111111111 0.1140625 0.9361111111111111 0.13515625 0.9736111111111111 0.1359375 0.9833333333333333 0.1296875 0.9958333333333333 0.109375 0.9958333333333333 0.1046875 0.9916666666666667 0.10078125 0.9819444444444444 0.09921875 0.9694444444444444 0.06484375 0.9083333333333333 0.06328125 0.8930555555555556 0.06640625 0.8833333333333333 0.07421875 0.8708333333333333 0.07890625 0.8666666666666667 0.09609375 0.8680555555555556
0 0.28203125 0.7472222222222222 0.284375 0.7472222222222222 0.2875 0.7569444444444444 0.2875 0.7958333333333333 0.284375 0.8138888888888889 0.2765625 0.8222222222222222 0.2765625 0.8333333333333334 0.26875 0.85 0.26171875 0.85 0.259375 0.8333333333333334 0.2515625 0.8180555555555555 0.24765625 0.7972222222222223 0.25390625 0.7763888888888889 0.25078125 0.7708333333333334 0.25703125 0.775 0.2640625 0.775 0.2703125 0.7611111111111111 0.28203125 0.7486111111111111
0 0.33671875 0.41388888888888886 0.33828125 0.4125 0.33828125 0.4166666666666667 0.34375 0.4222222222222222 0.3484375 0.4222222222222222 0.3609375 0.4125 0.365625 0.41388888888888886 0.36484375 0.42083333333333334 0.346875 0.4375 0.328125 0.4361111111111111 0.328125 0.43194444444444446 0.33515625 0.42777777777777776 0.33515625 0.41944444444444445 0.3390625 0.41805555555555557 0.3375 0.4152777777777778
0 0.28828125 0.8027777777777778 0.2875 0.7861111111111111 0.290625 0.7805555555555556 0.30234375 0.7805555555555556 0.30703125 0.7958333333333333 0.30703125 0.8041666666666667 0.30234375 0.8111111111111111 0.29453125 0.8111111111111111 0.2890625 0.8027777777777778
0 0.23359375 0.9375 0.2390625 0.9430555555555555 0.24453125 0.9625 0.24453125 0.9791666666666666 0.24140625 0.9916666666666667 0.2375 0.9958333333333333 0.2203125 0.9958333333333333 0.21484375 0.9986111111111111 0.1875 0.9986111111111111 0.18671875 0.9958333333333333 0.190625 0.9791666666666666 0.19453125 0.9722222222222222 0.2296875 0.9388888888888889 0.2328125 0.9388888888888889