0 0.48359375 0.6319444444444444 0.48203125 0.6486111111111111 0.4859375 0.6597222222222222 0.52734375 0.6902777777777778 0.5625 0.6972222222222222 0.5625 0.7069444444444445 0.5671875 0.7097222222222223 0.5703125 0.7069444444444445 0.56953125 0.6972222222222222 0.58203125 0.6819444444444445 0.5828125 0.6611111111111111 0.5796875 0.6555555555555556 0.55703125 0.6430555555555556 0.535546875 0.6402777777777777 0.52578125 0.6263888888888889 0.49140625 0.6236111111111111
0 0.4453125 0.4236111111111111 0.44921875 0.44166666666666665 0.46640625 0.46944444444444444 0.47890625 0.4791666666666667 0.48671875 0.49444444444444446 0.496875 0.49722222222222223 0.5171875 0.5291666666666667 0.53828125 0.5472222222222223 0.54453125 0.5472222222222223 0.55703125 0.5611111111111111 0.55390625 0.5722222222222222 0.5453125 0.5833333333333334 0.55234375 0.5847222222222223 0.56015625 0.5958333333333333 0.571875 0.5916666666666667 0.57578125 0.6083333333333333 0.58125 0.6097222222222223 0.5859375 0.6194444444444445 0.58359375 0.7111111111111111 0.58046875 0.7236111111111111 0.58203125 0.7388888888888889 0.59140625 0.7763888888888889 0.59765625 0.7833333333333333 0.60625 0.7819444444444444 0.6125 0.7958333333333333 0.61015625 0.8208333333333333 0.6125 0.9069444444444444 0.61953125 0.9347222222222222 0.62265625 0.9402777777777778 0.628125 0.9375 0.63828125 0.9083333333333333 0.6390625 0.8333333333333334 0.65546875 0.8458333333333333 0.6640625 0.8458333333333333 0.68515625 0.8305555555555556 0.68828125 0.8208333333333333 0.6875 0.8055555555555556 0.66796875 0.7680555555555556 0.659375 0.7680555555555556 0.65859375 0.7541666666666667 0.6671875 0.7388888888888889 0.67578125 0.7402777777777778 0.6875 0.7305555555555555 0.7140625 0.6930555555555555 0.71640625 0.6666666666666666 0.71328125 0.6611111111111111 0.690625 0.6652777777777777 0.68359375 0.6472222222222223 0.68515625 0.6375 0.6921875 0.6333333333333333 0.69453125 0.6166666666666667 0.6984375 0.5597222222222222 0.69609375 0.5388888888888889 0.69140625 0.5291666666666667 0.678125 0.5222222222222223 0.6765625 0.5111111111111111 0.64765625 0.48333333333333334 0.6296875 0.4861111111111111 0.621875 0.49722222222222223 0.60859375 0.4736111111111111 0.58125 0.45416666666666666 0.57109375 0.4638888888888889 0.56875 0.49027777777777776 0.56328125 0.5055555555555555 0.5453125 0.5097222222222222 0.53203125 0.5194444444444445 0.521875 0.5041666666666667 0.5109375 0.49722222222222223 0.51171875 0.48333333333333334 0.49609375 0.48194444444444445 0.48359375 0.4652777777777778 0.4796875 0.46944444444444444 0.4765625 0.45555555555555555 0.46953125 0.4444444444444444 0.45859375 0.44166666666666665 0.45625 0.42777777777777776
0 0.5359375 0.7152777777777778 0.53359375 0.7236111111111111 0.5375 0.7541666666666667 0.56171875 0.8527777777777777 0.5828125 0.9666666666666667 0.590625 0.9986111111111111 0.60390625 0.9986111111111111 0.58828125 0.8944444444444445 0.5625 0.7805555555555556 0.553125 0.7583333333333333 0.5484375 0.7236111111111111 0.5453125 0.7166666666666667
0 0.275 0.3416666666666667 0.278125 0.3541666666666667 0.32265625 0.4111111111111111 0.34765625 0.4305555555555556 0.3671875 0.49027777777777776 0.378125 0.5430555555555555 0.409375 0.6597222222222222 0.41640625 0.6791666666666667 0.428125 0.6916666666666667 0.42265625 0.6527777777777778 0.40234375 0.5902777777777778 0.37734375 0.49027777777777776 0.33125 0.34444444444444444 0.32578125 0.34444444444444444 0.33515625 0.38472222222222224 0.3296875 0.4
0 0.32578125 0.34305555555555556 0.328125 0.3638888888888889 0.3421875 0.4111111111111111 0.340625 0.41388888888888886 0.36796875 0.49722222222222223 0.409375 0.6583333333333333 0.4171875 0.6777777777777778 0.428125 0.6916666666666667 0.42890625 0.6805555555555556 0.4234375 0.6513888888888889 0.37578125 0.4847222222222222 0.33515625 0.3527777777777778 0.33046875 0.3416666666666667
0 0.296875 0.5569444444444445 0.296875 0.5833333333333334 0.32109375 0.5875 0.3421875 0.5986111111111111 0.35078125 0.6125 0.35546875 0.6111111111111112 0.378125 0.65 0.384375 0.6708333333333333 0.403125 0.7097222222222223 0.40859375 0.7291666666666666 0.40859375 0.7444444444444445 0.40234375 0.7541666666666667 0.3734375 0.7416666666666667 0.353125 0.7152777777777778 0.3421875 0.7083333333333334 0.3484375 0.7291666666666666 0.37265625 0.7527777777777778 0.3734375 0.7708333333333334 0.41875 0.775 0.45 0.8111111111111111 0.4640625 0.8375 0.50234375 0.8805555555555555 0.50546875 0.8694444444444445 0.503125 0.8569444444444444 0.4625 0.7986111111111112 0.359375 0.5763888888888888 0.33359375 0.5597222222222222 0.3171875 0.5611111111111111 0.31015625 0.5486111111111112
0 0.403125 0.6138888888888889 0.40390625 0.6305555555555555 0.41171875 0.6236111111111111 0.40859375 0.6097222222222223
0 0.41015625 0.725 0.41015625 0.7347222222222223 0.421875 0.7388888888888889 0.4234375 0.7333333333333333 0.41953125 0.725
0 0.37421875 0.5097222222222222 0.3796875 0.5430555555555555 0.38671875 0.5416666666666666 0.3796875 0.5083333333333333
0 0.3921875 0.3263888888888889 0.38984375 0.3388888888888889 0.403125 0.3458333333333333 0.41484375 0.34444444444444444 0.41875 0.33055555555555555 0.3984375 0.3236111111111111
0 0.21875 0.20833333333333334 0.21953125 0.21944444444444444 0.23046875 0.22777777777777777 0.23671875 0.24305555555555555 0.2515625 0.25277777777777777 0.2625 0.24583333333333332 0.25546875 0.22361111111111112 0.234375 0.20277777777777778 0.22734375 0.2013888888888889
0 0.3015625 0.25833333333333336 0.2921875 0.275 0.29296875 0.2791666666666667 0.32734375 0.3111111111111111 0.33984375 0.2986111111111111 0.33828125 0.2847222222222222 0.33046875 0.2722222222222222 0.3171875 0.2611111111111111
0 0.21328125 0.4013888888888889 0.2125 0.46805555555555556 0.2171875 0.48333333333333334 0.22265625 0.4875 0.2296875 0.4583333333333333 0.22890625 0.4305555555555556 0.2328125 0.4027777777777778 0.2265625 0.3875 0.215625 0.3902777777777778
0 0.34609375 0.8972222222222223 0.34140625 0.9 0.3421875 0.9111111111111111 0.34609375 0.9138888888888889 0.415625 0.8986111111111111 0.48828125 0.9 0.490625 0.9180555555555555 0.49453125 0.9208333333333333 0.5046875 0.8916666666666667 0.503125 0.8847222222222222 0.40703125 0.8763888888888889 0.390625 0.8861111111111111
0 0.37109375 0.7444444444444445 0.37890625 0.7611111111111111 0.390625 0.7694444444444445 0.4125 0.7722222222222223 0.43671875 0.7902777777777777 0.453125 0.7902777777777777 0.42578125 0.7472222222222222 0.4109375 0.7458333333333333 0.4109375 0.7541666666666667 0.3890625 0.7541666666666667 0.38671875 0.7458333333333333
0 0.425 0.34444444444444444 0.42421875 0.3597222222222222 0.428125 0.36666666666666664 0.478125 0.4027777777777778 0.48984375 0.40555555555555556 0.49453125 0.4 0.49375 0.3888888888888889 0.4609375 0.35138888888888886
0 0.153125 0.325 0.15234375 0.33611111111111114 0.1578125 0.3680555555555556 0.1609375 0.3763888888888889 0.16640625 0.37777777777777777 0.1859375 0.36944444444444446 0.18984375 0.3541666666666667 0.2 0.34444444444444444 0.20859375 0.32083333333333336 0.209375 0.30972222222222223 0.1640625 0.3013888888888889