0 0.175 0.3842013888888889 0.2109375 0.37885277777777776 0.23359375 0.3510638888888889 0.2609375 0.37190555555555554 0.28828125 0.35384166666666667 0.32109375 0.428875 0.30625 0.4677805555555556 0.2796875 0.45805416666666665 0.26484375 0.4233166666666667 0.25 0.4636125 0.225 0.4622236111111111 0.2078125 0.5094652777777777 0.16484375 0.4997388888888889 0.1453125 0.4677805555555556 0.15625 0.41636944444444446
0 0.10859375 0.5494791666666666 0.16484375 0.5636569444444445 0.2015625 0.5664347222222222 0.240625 0.523361111111111 0.259375 0.549761111111111 0.23984375 0.6331305555555555 0.21953125 0.6845430555555555 0.184375 0.6887111111111112 0.15 0.6901 0.0890625 0.6623111111111111 0.08359375 0.6081208333333333 0.10703125 0.5539305555555555
0 0.053125 0.7166666666666667 0.0390625 0.7805555555555556 0.028125 0.8097222222222222 0.02109375 0.8180555555555555 0.028125 0.8430555555555556 0.0328125 0.8486111111111111 0.0421875 0.8486111111111111 0.05 0.8375 0.0515625 0.825 0.0609375 0.8111111111111111 0.07890625 0.7555555555555555 0.08671875 0.7263888888888889 0.08828125 0.6722222222222223 0.07890625 0.6708333333333333 0.06875 0.6944444444444444
0 0.14921875 0.7638888888888888 0.1484375 0.7833333333333333 0.153125 0.8041666666666667 0.16640625 0.8125 0.18046875 0.8083333333333333 0.19453125 0.7805555555555556 0.20703125 0.7263888888888889 0.19140625 0.7097222222222223 0.1734375 0.7027777777777777 0.16328125 0.7194444444444444
0 0.0859375 0.7625 0.0875 0.7805555555555556 0.10859375 0.8125 0.1265625 0.8152777777777778 0.1359375 0.8 0.13046875 0.7597222222222222 0.11171875 0.7361111111111112 0.0984375 0.7361111111111112
0 0.2703125 0.6458333333333334 0.26953125 0.6597222222222222 0.2609375 0.6805555555555556 0.26171875 0.6875 0.2703125 0.7 0.28828125 0.6916666666666667 0.296875 0.6930555555555555 0.325 0.6680555555555555 0.35234375 0.6263888888888889 0.35625 0.6083333333333333 0.353125 0.5930555555555556 0.33828125 0.5638888888888889 0.32890625 0.5611111111111111 0.27890625 0.6222222222222222
0 0.4203125 0.9833333333333333 0.41875 0.9986111111111111 0.4875 0.9986111111111111 0.490625 0.9541666666666667 0.48515625 0.9444444444444444 0.47109375 0.9527777777777777 0.4546875 0.9416666666666667 0.45078125 0.9277777777777778 0.4421875 0.9208333333333333 0.43203125 0.9361111111111111 0.43125 0.9541666666666667
0 0.40703125 0.8277777777777777 0.39921875 0.8416666666666667 0.39921875 0.8625 0.40390625 0.8694444444444445 0.41171875 0.9069444444444444 0.41484375 0.9111111111111111 0.41875 0.9083333333333333 0.4296875 0.8902777777777777 0.43828125 0.9041666666666667 0.44921875 0.9 0.45078125 0.8680555555555556 0.4546875 0.8527777777777777 0.459375 0.8513888888888889 0.46328125 0.8291666666666667 0.46328125 0.8180555555555555 0.46015625 0.8125 0.45234375 0.8083333333333333 0.44140625 0.8166666666666667 0.43046875 0.8097222222222222 0.41796875 0.8152777777777778
0 0.02578125 0.8847222222222222 0.03125 0.9027777777777778 0.03046875 0.9277777777777778 0.03828125 0.9458333333333333 0.0703125 0.9694444444444444 0.075 0.9694444444444444 0.08125 0.9569444444444445 0.090625 0.9555555555555556 0.090625 0.9416666666666667 0.09921875 0.9416666666666667 0.096875 0.9277777777777778 0.103125 0.925 0.08828125 0.8958333333333334 0.084375 0.9 0.0765625 0.8930555555555556 0.07421875 0.8833333333333333 0.04609375 0.8763888888888889
0 0.18203125 0.9277777777777778 0.18515625 0.9291666666666667 0.1828125 0.9388888888888889 0.1921875 0.9430555555555555 0.1921875 0.9486111111111111 0.17109375 0.9986111111111111 0.2078125 0.9986111111111111 0.240625 0.9277777777777778 0.246875 0.8819444444444444 0.2546875 0.8694444444444445 0.25234375 0.8583333333333333 0.24765625 0.8541666666666666 0.22890625 0.8819444444444444 0.2140625 0.8902777777777777 0.20078125 0.9236111111111112
0 0.275 0.9666666666666667 0.2734375 0.9986111111111111 0.36328125 0.9986111111111111 0.359375 0.9763888888888889 0.359375 0.9319444444444445 0.34609375 0.9236111111111112 0.32890625 0.9402777777777778 0.29375 0.9458333333333333
0 0.3484375 0.7263888888888889 0.34921875 0.7513888888888889 0.39765625 0.7888888888888889 0.409375 0.7916666666666666 0.42421875 0.7833333333333333 0.43828125 0.7847222222222222 0.440625 0.7777777777777778 0.4390625 0.7569444444444444 0.42578125 0.7277777777777777 0.4140625 0.7111111111111111 0.39765625 0.6986111111111111 0.3671875 0.6847222222222222 0.3578125 0.6958333333333333
0 0.20625 0.7430555555555556 0.20546875 0.7541666666666667 0.22578125 0.7638888888888888 0.228125 0.7694444444444445 0.22578125 0.7791666666666667 0.24140625 0.8041666666666667 0.26484375 0.8041666666666667 0.26015625 0.8347222222222223 0.28203125 0.8444444444444444 0.29609375 0.8986111111111111 0.3484375 0.8944444444444445 0.3484375 0.8805555555555555 0.334375 0.8652777777777778 0.3421875 0.8444444444444444 0.34609375 0.8472222222222222 0.34921875 0.8319444444444445 0.3484375 0.8263888888888888 0.34140625 0.8305555555555556 0.33671875 0.8013888888888889 0.32109375 0.7986111111111112 0.30078125 0.8263888888888888 0.28515625 0.8222222222222222 0.28203125 0.8138888888888889 0.2703125 0.8041666666666667 0.26953125 0.7875 0.275 0.7583333333333333 0.25859375 0.7291666666666666 0.25859375 0.6972222222222222 0.2546875 0.6819444444444445 0.23359375 0.6902777777777778 0.23359375 0.7013888888888888 0.22734375 0.7152777777777778 0.21953125 0.7166666666666667 0.21328125 0.7347222222222223