0 0.4328125 0.7555555555555555 0.4390625 0.7666666666666667 0.4359375 0.8069444444444445 0.4328125 0.8125 0.42421875 0.8111111111111111 0.421875 0.8055555555555556 0.4203125 0.7902777777777777 0.421875 0.7694444444444445 0.428125 0.7569444444444444 0.43203125 0.7555555555555555
0 0.1484375 0.5319444444444444 0.15390625 0.5388888888888889 0.15546875 0.5458333333333333 0.1546875 0.5625 0.1484375 0.5736111111111111 0.1390625 0.5722222222222222 0.1359375 0.5638888888888889 0.13984375 0.5347222222222222 0.14765625 0.5319444444444444
0 0.72734375 0.8833333333333333 0.728125 0.9138888888888889 0.734375 0.9305555555555556 0.73984375 0.9388888888888889 0.75078125 0.9388888888888889 0.82265625 0.8986111111111111 0.83125 0.8736111111111111 0.84140625 0.8597222222222223 0.8421875 0.85 0.83515625 0.8388888888888889 0.79921875 0.8347222222222223 0.73828125 0.8694444444444445
0 0.81796875 0.8361111111111111 0.82421875 0.8430555555555556 0.834375 0.8388888888888889 0.8390625 0.8402777777777778 0.84140625 0.8458333333333333 0.84140625 0.8597222222222223 0.83125 0.8722222222222222 0.82421875 0.8972222222222223 0.80390625 0.9111111111111111 0.77578125 0.9222222222222223 0.76015625 0.9361111111111111 0.75 0.9402777777777778 0.7375 0.9388888888888889 0.73046875 0.9277777777777778 0.7265625 0.9013888888888889 0.7265625 0.8861111111111111 0.73125 0.875 0.8 0.8347222222222223 0.81015625 0.8319444444444445 0.8171875 0.8361111111111111
0 0.17578125 0.5666666666666667 0.1796875 0.5722222222222222 0.1796875 0.5791666666666667 0.17578125 0.5916666666666667 0.171875 0.5986111111111111 0.16171875 0.6069444444444444 0.1546875 0.6041666666666666 0.15 0.5875 0.15625 0.5791666666666667 0.175 0.5666666666666667
0 0.3609375 0.4777777777777778 0.3609375 0.4986111111111111 0.39140625 0.5222222222222223 0.4015625 0.5236111111111111 0.41015625 0.5111111111111111 0.4109375 0.5 0.40625 0.49027777777777776 0.38125 0.4666666666666667 0.36796875 0.4625
0 0.3140625 0.8444444444444444 0.3140625 0.8694444444444445 0.32265625 0.9041666666666667 0.33125 0.9083333333333333 0.36640625 0.8861111111111111 0.3828125 0.8680555555555556 0.40546875 0.8583333333333333 0.41015625 0.85 0.41328125 0.8277777777777777 0.41171875 0.8027777777777778 0.40703125 0.7888888888888889 0.38828125 0.7791666666666667 0.3453125 0.7694444444444445 0.32578125 0.8027777777777778 0.32421875 0.8166666666666667 0.3171875 0.825
0 0.3484375 0.7666666666666667 0.378125 0.7722222222222223 0.375 0.775 0.3765625 0.7805555555555556 0.38046875 0.7805555555555556 0.38359375 0.775 0.38671875 0.7791666666666667 0.40546875 0.7861111111111111 0.41484375 0.8138888888888889 0.41484375 0.8263888888888888 0.41171875 0.8388888888888889 0.4125 0.8486111111111111 0.4109375 0.8541666666666666 0.40703125 0.8597222222222223 0.38984375 0.8666666666666667 0.36953125 0.8833333333333333 0.35859375 0.8875 0.33359375 0.9055555555555556 0.325 0.9069444444444444 0.315625 0.8763888888888889 0.3125 0.8597222222222223 0.315625 0.8319444444444445 0.3234375 0.8055555555555556 0.3375 0.7791666666666667 0.3453125 0.7680555555555556 0.34765625 0.7680555555555556
0 0.48671875 0.5819444444444445 0.48125 0.6055555555555555 0.4875 0.6222222222222222 0.49765625 0.6305555555555555 0.503125 0.6277777777777778 0.5234375 0.6472222222222223 0.5359375 0.6347222222222222 0.5390625 0.6180555555555556 0.528125 0.5972222222222222 0.49765625 0.5777777777777777
0 0.61328125 0.8361111111111111 0.61328125 0.8541666666666666 0.61953125 0.8680555555555556 0.6265625 0.875 0.63984375 0.8722222222222222 0.6640625 0.8333333333333334 0.67109375 0.8055555555555556 0.67109375 0.7861111111111111 0.66796875 0.7791666666666667 0.640625 0.7791666666666667 0.6296875 0.7930555555555555
0 0.240625 0.5430555555555555 0.23984375 0.5569444444444445 0.246875 0.5680555555555555 0.26171875 0.5666666666666667 0.275 0.55 0.28359375 0.5263888888888889 0.30390625 0.49583333333333335 0.3078125 0.4722222222222222 0.3140625 0.46944444444444444 0.31796875 0.45694444444444443 0.3171875 0.44166666666666665 0.309375 0.4388888888888889 0.28828125 0.4527777777777778 0.28203125 0.4722222222222222 0.26875 0.4888888888888889
0 0.0875 0.8763888888888889 0.0875 0.9291666666666667 0.0921875 0.9402777777777778 0.10078125 0.9430555555555555 0.15078125 0.9319444444444445 0.1921875 0.9291666666666667 0.21328125 0.9013888888888889 0.22421875 0.8972222222222223 0.2296875 0.8861111111111111 0.225 0.8708333333333333 0.1953125 0.8486111111111111 0.09765625 0.8625
0 0.453125 0.8111111111111111 0.45390625 0.8458333333333333 0.48203125 0.8555555555555555 0.5046875 0.8569444444444444 0.51875 0.8486111111111111 0.53203125 0.8305555555555556 0.53125 0.8 0.57578125 0.7875 0.59453125 0.775 0.6015625 0.7638888888888888 0.6 0.7513888888888889 0.6046875 0.7388888888888889 0.615625 0.7486111111111111 0.64921875 0.7416666666666667 0.64921875 0.7361111111111112 0.64296875 0.7305555555555555 0.6375 0.7069444444444445 0.62734375 0.6930555555555555 0.63671875 0.675 0.640625 0.6569444444444444 0.63984375 0.6430555555555556 0.6171875 0.625 0.60078125 0.6194444444444445 0.58984375 0.6222222222222222 0.58359375 0.6430555555555556 0.56875 0.6430555555555556 0.55390625 0.6694444444444444 0.5578125 0.6902777777777778 0.578125 0.7083333333333334 0.57265625 0.7222222222222222 0.53828125 0.7430555555555556 0.5109375 0.7430555555555556 0.4984375 0.7569444444444444 0.48984375 0.775 0.47734375 0.7777777777777778 0.465625 0.7944444444444444 0.459375 0.7958333333333333
0 0.28203125 0.6347222222222222 0.28125 0.6597222222222222 0.28671875 0.6694444444444444 0.2890625 0.7097222222222223 0.29296875 0.7152777777777778 0.303125 0.7208333333333333 0.31171875 0.7138888888888889 0.315625 0.7138888888888889 0.31796875 0.7208333333333333 0.33046875 0.7194444444444444 0.3375 0.7055555555555556 0.3515625 0.7027777777777777 0.3703125 0.6805555555555556 0.3921875 0.6791666666666667 0.39609375 0.6986111111111111 0.3875 0.7125 0.38671875 0.7333333333333333 0.396875 0.7472222222222222 0.41875 0.7472222222222222 0.4515625 0.7291666666666666 0.45625 0.7180555555555556 0.45625 0.6916666666666667 0.453125 0.6833333333333333 0.45703125 0.6777777777777778 0.4703125 0.6833333333333333 0.48359375 0.6763888888888889 0.48828125 0.6569444444444444 0.4828125 0.6361111111111111 0.4546875 0.5708333333333333 0.44609375 0.5666666666666667 0.43828125 0.5708333333333333 0.41796875 0.5944444444444444 0.40078125 0.5486111111111112 0.390625 0.5388888888888889 0.365625 0.55 0.3546875 0.5597222222222222 0.3515625 0.5722222222222222 0.3421875 0.5777777777777777 0.32109375 0.5763888888888888
0 0.503125 0.6708333333333333 0.50546875 0.6986111111111111 0.5166664062499999 0.7 0.5265625 0.7069444444444445 0.52890625 0.7138888888888889 0.546875 0.7194444444444444 0.5609375 0.7027777777777777 0.5546875 0.6944444444444444 0.5375 0.6944444444444444 0.534375 0.6902777777777778 0.5328125 0.6777777777777778 0.5265625 0.6680555555555555 0.52890625 0.6569444444444444 0.52578125 0.6541666666666667