0 0.4 0.42083333333333334 0.40390625 0.42777777777777776 0.40703125 0.44166666666666665 0.40390625 0.45 0.39375 0.44166666666666665 0.384375 0.4263888888888889 0.38515625 0.42083333333333334 0.38828125 0.4166666666666667 0.3953125 0.4166666666666667 0.39921875 0.42083333333333334
0 0.27734375 0.4527777777777778 0.28046875 0.45694444444444443 0.2796875 0.4638888888888889 0.271875 0.48194444444444445 0.26875 0.48333333333333334 0.26640625 0.47638888888888886 0.26875 0.4597222222222222 0.271875 0.4513888888888889 0.2765625 0.4527777777777778
0 0.29921875 0.675 0.30546875 0.6875 0.30546875 0.6944444444444444 0.29921875 0.7152777777777778 0.29140625 0.7277777777777777 0.27890625 0.7347222222222223 0.27421875 0.7333333333333333 0.26953125 0.7263888888888889 0.26875 0.7097222222222223 0.27578125 0.6930555555555555 0.2859375 0.6763888888888889 0.29140625 0.6722222222222223 0.2984375 0.675
0 0.23359375 0.5430555555555555 0.2375 0.5375 0.26875 0.5319444444444444 0.271875 0.5388888888888889 0.2765625 0.5625 0.27734375 0.5805555555555556 0.2734375 0.5847222222222223 0.24765625 0.5958333333333333 0.24375 0.5958333333333333 0.24140625 0.5902777777777778 0.234375 0.5444444444444444
0 0.54296875 0.5361111111111111 0.54453125 0.5458333333333333 0.55 0.5555555555555556 0.5515625 0.5638888888888889 0.540625 0.5819444444444445 0.53984375 0.5875 0.5375 0.5791666666666667 0.5296875 0.5694444444444444 0.5234375 0.5666666666666667 0.5234375 0.5472222222222223 0.52578125 0.5388888888888889 0.5296875 0.5347222222222222 0.5390625 0.5333333333333333 0.5421875 0.5361111111111111
0 0.53984375 0.5972222222222222 0.5453125 0.6125 0.5390625 0.6263888888888889 0.53203125 0.6305555555555555 0.52421875 0.6305555555555555 0.52265625 0.6277777777777778 0.52265625 0.6111111111111112 0.52421875 0.6069444444444444 0.53515625 0.5972222222222222 0.5390625 0.5972222222222222
0 0.56171875 0.5569444444444445 0.56796875 0.5652777777777778 0.56875 0.5791666666666667 0.5625 0.5972222222222222 0.553125 0.6083333333333333 0.5453125 0.6069444444444444 0.540625 0.5958333333333333 0.540625 0.5888888888888889 0.54453125 0.5763888888888888 0.55234375 0.5625 0.5609375 0.5569444444444445
0 0.49453125 0.5166666666666667 0.4984375 0.5180555555555556 0.50078125 0.525 0.50078125 0.5347222222222222 0.4984375 0.5430555555555555 0.478125 0.5388888888888889 0.4875 0.5208333333333334 0.49375 0.5166666666666667
0 0.49609375 0.8083333333333333 0.52265625 0.8541666666666666 0.52265625 0.8652777777777778 0.51875 0.8888888888888888 0.5125 0.9069444444444444 0.50859375 0.9263888888888889 0.50234375 0.9333333333333333 0.49453125 0.9319444444444445 0.484375 0.9236111111111112 0.47890625 0.9152777777777777 0.4734375 0.9152777777777777 0.4703125 0.9111111111111111 0.46796875 0.9 0.46875 0.8652777777777778 0.4640625 0.8569444444444444 0.46640625 0.8486111111111111 0.48359375 0.8277777777777777 0.4890625 0.8097222222222222 0.4953125 0.8083333333333333
0 0.48359375 0.4888888888888889 0.49140625 0.4986111111111111 0.49140625 0.5152777777777777 0.48203125 0.5319444444444444 0.46171875 0.5583333333333333 0.45625 0.5569444444444445 0.45234375 0.5486111111111112 0.4515625 0.5402777777777777 0.4546875 0.5291666666666667 0.46640625 0.5069444444444444 0.4828125 0.4888888888888889
0 0.49453125 0.6319444444444444 0.51015625 0.65 0.51484375 0.6680555555555555 0.515625 0.6819444444444445 0.51328125 0.6875 0.5015625 0.6958333333333333 0.48828125 0.6958333333333333 0.475 0.6861111111111111 0.471875 0.6819444444444445 0.4671875 0.6611111111111111 0.46953125 0.6555555555555556 0.47109375 0.6375 0.4734375 0.6333333333333333 0.49375 0.6319444444444444
0 0.3421875 0.41805555555555557 0.34140625 0.44722222222222224 0.33515625 0.45416666666666666 0.3265625 0.44583333333333336 0.32578125 0.44027777777777777 0.334375 0.41805555555555557 0.34140625 0.41805555555555557
0 0.3765625 0.5361111111111111 0.3859375 0.5458333333333333 0.39765625 0.5444444444444444 0.40546875 0.5583333333333333 0.4109375 0.5611111111111111 0.4078125 0.6041666666666666 0.4078125 0.6333333333333333 0.40625 0.6333333333333333 0.40546875 0.6194444444444445 0.40234375 0.6166666666666667 0.4015625 0.6097222222222223 0.3984375 0.6041666666666666 0.38671875 0.6069444444444444 0.38125 0.6152777777777778 0.38125 0.6222222222222222 0.378125 0.6291666666666667 0.35859375 0.6277777777777778 0.35625 0.625 0.3546875 0.6194444444444445 0.35546875 0.6083333333333333 0.35859375 0.5861111111111111 0.3671875 0.5555555555555556 0.36796875 0.5416666666666666 0.36953125 0.5375 0.37578125 0.5361111111111111
0 0.57421875 0.6666666666666666 0.58125 0.6722222222222223 0.5859375 0.6819444444444445 0.58125 0.7013888888888888 0.57421875 0.7166666666666667 0.56796875 0.7222222222222222 0.56171875 0.7194444444444444 0.5578125 0.7125 0.55625 0.7013888888888888 0.56875 0.6708333333333333 0.5734375 0.6666666666666666
0 0.52421875 0.7291666666666666 0.52734375 0.7486111111111111 0.5265625 0.7569444444444444 0.4953125 0.7708333333333334 0.49140625 0.7694444444444445 0.48828125 0.7611111111111111 0.48671875 0.7458333333333333 0.48828125 0.7375 0.4921875 0.7333333333333333 0.51328125 0.7263888888888889 0.521875 0.7263888888888889 0.5234375 0.7291666666666666
0 0.38125 0.425 0.41171875 0.4625 0.421875 0.4791666666666667 0.41953125 0.5041666666666667 0.3921875 0.5444444444444444 0.38203125 0.5402777777777777 0.3578125 0.5111111111111111 0.34375 0.4875 0.3453125 0.4625 0.34765625 0.4527777777777778 0.37265625 0.4236111111111111 0.37734375 0.4222222222222222 0.38046875 0.425
0 0.44921875 0.5888888888888889 0.453125 0.5930555555555556 0.45625 0.6027777777777777 0.45703125 0.6152777777777778 0.453125 0.6208333333333333 0.44375 0.6208333333333333 0.4421875 0.6180555555555556 0.4421875 0.6027777777777777 0.4484375 0.5902777777777778
0 0.51953125 0.6041666666666666 0.521875 0.6111111111111112 0.521875 0.6222222222222222 0.5203125 0.6305555555555555 0.515625 0.6388888888888888 0.50859375 0.6388888888888888 0.50390625 0.6347222222222222 0.50078125 0.6277777777777778 0.50078125 0.6152777777777778 0.50234375 0.6083333333333333 0.50859375 0.6013888888888889 0.51875 0.6041666666666666
0 0.35703125 0.4152777777777778 0.3609375 0.4236111111111111 0.3609375 0.43472222222222223 0.353125 0.44583333333333336 0.3453125 0.4513888888888889 0.34140625 0.4486111111111111 0.33984375 0.4361111111111111 0.34296875 0.41944444444444445 0.3484375 0.41388888888888886 0.35625 0.4152777777777778
0 0.4671875 0.7708333333333334 0.47265625 0.7819444444444444 0.46875 0.7888888888888889 0.46328125 0.7875 0.46015625 0.7805555555555556 0.46015625 0.775 0.4625 0.7708333333333334 0.46640625 0.7708333333333334
0 0.72109375 0.8138888888888889 0.72265625 0.8166666666666667 0.72109375 0.8222222222222222 0.7171875 0.8208333333333333 0.7171875 0.8152777777777778 0.7203125 0.8138888888888889
0 0.24921875 0.3819444444444444 0.253125 0.38333333333333336 0.25625 0.39305555555555555 0.2375 0.4152777777777778 0.23203125 0.4083333333333333 0.23671875 0.3902777777777778 0.2421875 0.38333333333333336 0.2484375 0.3819444444444444
0 0.19921875 0.5444444444444444 0.22109375 0.5611111111111111 0.22265625 0.5652777777777778 0.221875 0.575 0.1890625 0.6194444444444445 0.175 0.6097222222222223 0.17265625 0.6027777777777777 0.18046875 0.5708333333333333 0.18125 0.5555555555555556 0.1890625 0.5486111111111112 0.1984375 0.5458333333333333
0 0.3453125 0.49444444444444446 0.35546875 0.5069444444444444 0.35546875 0.5111111111111111 0.34921875 0.5194444444444445 0.34375 0.5166666666666667 0.3421875 0.5111111111111111 0.3421875 0.49722222222222223 0.34453125 0.49444444444444446
0 0.37734375 0.6513888888888889 0.3859375 0.6680555555555555 0.390625 0.6708333333333333 0.39765625 0.6819444444444445 0.39765625 0.6944444444444444 0.39140625 0.7041666666666667 0.384375 0.7027777777777777 0.375 0.6833333333333333 0.3625 0.6736111111111112 0.36171875 0.6680555555555555 0.36484375 0.6597222222222222 0.3765625 0.6513888888888889
0 0.509375 0.5694444444444444 0.5140625 0.5736111111111111 0.51328125 0.5972222222222222 0.50546875 0.6041666666666666 0.5015625 0.6041666666666666 0.49765625 0.5972222222222222 0.49609375 0.5805555555555556 0.5015625 0.5708333333333333 0.50859375 0.5694444444444444
0 0.2609375 0.6194444444444445 0.265625 0.6291666666666667 0.26484375 0.6458333333333334 0.2546875 0.6541666666666667 0.2484375 0.6555555555555556 0.22734375 0.6527777777777778 0.22265625 0.6416666666666667 0.221875 0.6333333333333333 0.2234375 0.6263888888888889 0.23046875 0.6208333333333333 0.24609375 0.6222222222222222 0.26015625 0.6194444444444445
0 0.2828125 0.5833333333333334 0.284375 0.5875 0.2828125 0.5916666666666667 0.278125 0.5916666666666667 0.27578125 0.5875 0.278125 0.5833333333333334 0.28203125 0.5833333333333334
0 0.46171875 0.48333333333333334 0.46875 0.49166666666666664 0.46953125 0.5013888888888889 0.45390625 0.5291666666666667 0.45 0.5444444444444444 0.43515625 0.5388888888888889 0.43125 0.5361111111111111 0.43046875 0.5305555555555556 0.43203125 0.5236111111111111 0.4515625 0.49027777777777776 0.4609375 0.48333333333333334
0 0.220703125 0.6055555555555555 0.02109375 0.03611111111111111
0 0.5640625 0.6555555555555556 0.56796875 0.6597222222222222 0.56875 0.6708333333333333 0.559375 0.6916666666666667 0.55390625 0.6958333333333333 0.546875 0.6861111111111111 0.5453125 0.6708333333333333 0.55390625 0.6569444444444444 0.56328125 0.6555555555555556
0 0.5828125 0.5652777777777778 0.62265625 0.6013888888888889 0.62578125 0.6083333333333333 0.6203125 0.6375 0.603125 0.6833333333333333 0.59609375 0.6819444444444445 0.58125 0.6694444444444444 0.56640625 0.6541666666666667 0.55703125 0.6375 0.5578125 0.6166666666666667 0.56015625 0.6055555555555555 0.57265625 0.5722222222222222 0.57734375 0.5638888888888889 0.58203125 0.5652777777777778
0 0.6140625 0.8013888888888889 0.6171875 0.8069444444444445 0.6171875 0.8166666666666667 0.6125 0.8222222222222222 0.60546875 0.8208333333333333 0.60234375 0.8097222222222222 0.60859375 0.8 0.61328125 0.8013888888888889
0 0.5546875 0.6111111111111112 0.55703125 0.6152777777777778 0.55703125 0.625 0.55390625 0.6305555555555555 0.5421875 0.6222222222222222 0.54609375 0.6111111111111112 0.55390625 0.6111111111111112
0 0.26171875 0.39444444444444443 0.2640625 0.39861111111111114 0.2609375 0.41388888888888886 0.26171875 0.4375 0.24453125 0.45 0.2375 0.44722222222222224 0.23359375 0.4388888888888889 0.23671875 0.4152777777777778 0.2515625 0.3958333333333333 0.2609375 0.39444444444444443
0 0.425 0.5111111111111111 0.43046875 0.5180555555555556 0.42890625 0.5291666666666667 0.42578125 0.5361111111111111 0.41796875 0.5416666666666666 0.4125 0.5569444444444445 0.4046875 0.5541666666666667 0.40078125 0.5472222222222223 0.39921875 0.5388888888888889 0.40390625 0.5263888888888889 0.41484375 0.5125 0.41796875 0.5097222222222222 0.42421875 0.5111111111111111
0 0.29453125 0.44305555555555554 0.3078125 0.44722222222222224 0.32578125 0.44722222222222224 0.334375 0.4583333333333333 0.33671875 0.4791666666666667 0.33984375 0.4861111111111111 0.340625 0.5027777777777778 0.33203125 0.5347222222222222 0.325 0.5486111111111112 0.31171875 0.5472222222222223 0.28984375 0.5388888888888889 0.28203125 0.5291666666666667 0.271875 0.4888888888888889 0.271875 0.48194444444444445 0.2765625 0.4736111111111111 0.2828125 0.45416666666666666 0.2890625 0.4444444444444444 0.29375 0.44305555555555554
0 0.215625 0.6263888888888889 0.225 0.65 0.23125 0.6722222222222223 0.2328125 0.6847222222222222 0.2265625 0.6916666666666667 0.19453125 0.6986111111111111 0.18984375 0.6986111111111111 0.18671875 0.6944444444444444 0.1765625 0.6583333333333333 0.1765625 0.6513888888888889 0.21015625 0.625 0.21484375 0.6263888888888889
0 0.5484375 0.6305555555555555 0.56171875 0.6541666666666667 0.5609375 0.6569444444444444 0.553125 0.6597222222222222 0.54609375 0.6736111111111112 0.54609375 0.6819444444444445 0.5484375 0.6888888888888889 0.55546875 0.6972222222222222 0.55546875 0.7097222222222223 0.546875 0.7402777777777778 0.54140625 0.7541666666666667 0.5359375 0.7611111111111111 0.53203125 0.7611111111111111 0.528125 0.7527777777777778 0.5234375 0.7138888888888889 0.51640625 0.6791666666666667 0.51484375 0.6541666666666667 0.5171875 0.6416666666666667 0.52265625 0.6347222222222222 0.54765625 0.6305555555555555
0 0.32421875 0.6069444444444444 0.33203125 0.6236111111111111 0.3359375 0.6402777777777777 0.34375 0.6527777777777778 0.34921875 0.6708333333333333 0.35078125 0.6847222222222222 0.34765625 0.6930555555555555 0.31953125 0.7138888888888889 0.31484375 0.7138888888888889 0.3109375 0.7069444444444445 0.3046875 0.6805555555555556 0.29609375 0.6625 0.29375 0.6486111111111111 0.29453125 0.6291666666666667 0.296875 0.6222222222222222 0.31640625 0.6083333333333333 0.3234375 0.6069444444444444
0 0.33984375 0.6291666666666667 0.34375 0.6319444444444444 0.346875 0.6388888888888888 0.3453125 0.6458333333333334 0.3421875 0.6486111111111111 0.33828125 0.6444444444444445 0.3359375 0.6347222222222222 0.3390625 0.6291666666666667
0 0.53203125 0.5708333333333333 0.540625 0.5777777777777777 0.53984375 0.5930555555555556 0.5375 0.5972222222222222 0.5265625 0.6027777777777777 0.51484375 0.5972222222222222 0.5140625 0.5777777777777777 0.51796875 0.5708333333333333 0.52421875 0.5680555555555555 0.53125 0.5708333333333333
0 0.675 0.7 0.6828125 0.7125 0.6875 0.7277777777777777 0.6875 0.7416666666666667 0.68203125 0.7513888888888889 0.675 0.7513888888888889 0.6671875 0.7402777777777778 0.66953125 0.7083333333333334 0.67109375 0.7013888888888888 0.67421875 0.7
0 0.47734375 0.6958333333333333 0.484375 0.7083333333333334 0.484375 0.7291666666666666 0.48125 0.7486111111111111 0.47578125 0.7583333333333333 0.46640625 0.7583333333333333 0.4609375 0.7513888888888889 0.459375 0.7472222222222222 0.45859375 0.7236111111111111 0.46171875 0.7069444444444445 0.4671875 0.6972222222222222 0.4765625 0.6958333333333333
0 0.3421875 0.6458333333333334 0.34609375 0.6388888888888888 0.36171875 0.6291666666666667 0.37265625 0.6305555555555555 0.37734375 0.6375 0.37578125 0.6486111111111111 0.359375 0.6652777777777777 0.34921875 0.6652777777777777 0.3421875 0.6472222222222223
0 0.35 0.5375 0.35390625 0.5416666666666666 0.36484375 0.5430555555555555 0.36640625 0.5513888888888889 0.3578125 0.5875 0.35390625 0.6125 0.35390625 0.625 0.34921875 0.6305555555555555 0.33515625 0.625 0.3171875 0.5875 0.3203125 0.5722222222222222 0.3359375 0.5527777777777778 0.334375 0.5291666666666667 0.33828125 0.5222222222222223 0.34140625 0.5194444444444445 0.34453125 0.5208333333333334 0.34921875 0.5375
0 0.165625 0.7305555555555555 0.1671875 0.7333333333333333 0.16640625 0.7444444444444445 0.16171875 0.7402777777777778 0.1625 0.7333333333333333 0.16484375 0.7305555555555555
0 0.36171875 0.5138888888888888 0.36796875 0.525 0.365625 0.5333333333333333 0.359375 0.5402777777777777 0.353125 0.5388888888888889 0.35 0.5333333333333333 0.34921875 0.525 0.35078125 0.5180555555555556 0.35546875 0.5111111111111111 0.3609375 0.5138888888888888
0 0.58828125 0.6791666666666667 0.59765625 0.6847222222222222 0.6015625 0.6902777777777778 0.6015625 0.6986111111111111 0.60546875 0.7125 0.60390625 0.7222222222222222 0.5984375 0.7305555555555555 0.590625 0.7291666666666666 0.58671875 0.7236111111111111 0.58359375 0.6972222222222222 0.584375 0.6875 0.5875 0.6805555555555556
0 0.265625 0.44305555555555554 0.27578125 0.4527777777777778 0.2703125 0.4583333333333333 0.26875 0.46944444444444444 0.265625 0.4736111111111111 0.246875 0.4736111111111111 0.24453125 0.46944444444444444 0.24453125 0.4583333333333333 0.246875 0.4486111111111111 0.25625 0.44305555555555554 0.26484375 0.44305555555555554
0 0.49453125 0.5416666666666666 0.4984375 0.5444444444444444 0.5 0.5625 0.5 0.5708333333333333 0.4953125 0.5833333333333334 0.49609375 0.5916666666666667 0.5015625 0.6055555555555555 0.49921875 0.6194444444444445 0.4921875 0.6277777777777778 0.4671875 0.6305555555555555 0.45859375 0.6152777777777778 0.45625 0.6 0.4515625 0.5875 0.4515625 0.5722222222222222 0.45859375 0.5583333333333333 0.46171875 0.5583333333333333 0.47578125 0.5444444444444444 0.49375 0.5430555555555555
0 0.62265625 0.7180555555555556 0.63359375 0.7333333333333333 0.6375 0.7430555555555556 0.634375 0.7597222222222222 0.6296875 0.7652777777777777 0.62578125 0.7652777777777777 0.61640625 0.7555555555555555 0.6125 0.7555555555555555 0.60625 0.7375 0.60625 0.7291666666666666 0.609375 0.7194444444444444 0.6125 0.7166666666666667 0.621875 0.7180555555555556
0 0.3984375 0.6027777777777777 0.40703125 0.6083333333333333 0.41015625 0.6305555555555555 0.403125 0.6444444444444445 0.39296875 0.6513888888888889 0.3875 0.6513888888888889 0.38046875 0.6416666666666667 0.378125 0.6236111111111111 0.3796875 0.6152777777777778 0.38515625 0.6083333333333333 0.39765625 0.6027777777777777
0 0.28671875 0.3541666666666667 0.33203125 0.3861111111111111 0.33515625 0.4 0.3359375 0.4152777777777778 0.321875 0.44305555555555554 0.3046875 0.4444444444444444 0.2921875 0.44166666666666665 0.2828125 0.4527777777777778 0.271875 0.44722222222222224 0.265625 0.44027777777777777 0.2625 0.43194444444444446 0.2609375 0.41388888888888886 0.2703125 0.38333333333333336 0.28125 0.35833333333333334 0.2859375 0.3541666666666667
0 0.64140625 0.6416666666666667 0.65078125 0.6472222222222223 0.66953125 0.6777777777777778 0.67265625 0.6888888888888889 0.66640625 0.7194444444444444 0.6609375 0.7333333333333333 0.6546875 0.7388888888888889 0.6515625 0.7375 0.65078125 0.7236111111111111 0.64609375 0.7180555555555556 0.6234375 0.7111111111111111 0.61171875 0.7125 0.6078125 0.7097222222222223 0.603125 0.7 0.60390625 0.6819444444444445 0.62421875 0.6361111111111111 0.63125 0.6361111111111111 0.640625 0.6416666666666667
0 0.42890625 0.5375 0.44765625 0.5458333333333333 0.453125 0.5583333333333333 0.45 0.5791666666666667 0.44375 0.6027777777777777 0.44375 0.6125 0.4453125 0.6152777777777778 0.43515625 0.6305555555555555 0.41484375 0.6236111111111111 0.40859375 0.6152777777777778 0.41328125 0.5569444444444445 0.4203125 0.5388888888888889 0.428125 0.5375
0 0.51171875 0.5152777777777777 0.52421875 0.5208333333333334 0.5234375 0.5638888888888889 0.515625 0.5722222222222222 0.50390625 0.5680555555555555 0.50078125 0.5583333333333333 0.50078125 0.5180555555555556 0.5046875 0.5138888888888888 0.5109375 0.5152777777777777
0 0.4421875 0.4722222222222222 0.44921875 0.48194444444444445 0.45 0.4930555555555556 0.43125 0.5222222222222223 0.42890625 0.5222222222222223 0.42890625 0.5180555555555556 0.42265625 0.5097222222222222 0.42109375 0.5055555555555555 0.421875 0.5 0.434375 0.47638888888888886 0.44140625 0.4722222222222222
0 0.17890625 0.5180555555555556 0.18984375 0.5208333333333334 0.19296875 0.5263888888888889 0.1921875 0.5361111111111111 0.1859375 0.5486111111111112 0.18125 0.5527777777777778 0.1796875 0.5625 0.175 0.5708333333333333 0.16875 0.5708333333333333 0.146875 0.5638888888888889 0.14140625 0.5569444444444445 0.14375 0.5430555555555555 0.15 0.5347222222222222 0.153125 0.5208333333333334 0.1609375 0.5208333333333334 0.16796875 0.525 0.17421875 0.5194444444444445 0.178125 0.5194444444444445
0 0.4328125 0.7041666666666667 0.45078125 0.7347222222222223 0.459375 0.7625 0.459375 0.7722222222222223 0.45234375 0.7972222222222223 0.44921875 0.8236111111111111 0.44296875 0.8291666666666667 0.4265625 0.8277777777777777 0.4140625 0.8222222222222222 0.4046875 0.8138888888888889 0.40078125 0.8083333333333333 0.3890625 0.7708333333333334 0.3890625 0.75 0.3953125 0.7361111111111112 0.40859375 0.7291666666666666 0.42578125 0.7027777777777777 0.43203125 0.7041666666666667
0 0.4390625 0.6333333333333333 0.45625 0.6444444444444445 0.4671875 0.6611111111111111 0.46796875 0.6916666666666667 0.46015625 0.7083333333333334 0.45390625 0.7138888888888889 0.4390625 0.7111111111111111 0.4328125 0.7041666666666667 0.4296875 0.6930555555555555 0.4203125 0.6805555555555556 0.4203125 0.6736111111111112 0.428125 0.65 0.43515625 0.6347222222222222 0.43828125 0.6347222222222222