0 0.29609375 0.2722222222222222 0.29375 0.28194444444444444 0.3109375 0.3 0.32734375 0.30972222222222223 0.3390625 0.3 0.3375 0.2861111111111111 0.3171875 0.2638888888888889 0.303125 0.2611111111111111
0 0.296875 0.27361111111111114 0.29609375 0.2791666666666667 0.30390625 0.29305555555555557 0.3203125 0.3055555555555556 0.3359375 0.30277777777777776 0.3390625 0.2972222222222222 0.334375 0.2833333333333333 0.321875 0.26805555555555555 0.30078125 0.2652777777777778
0 0.21328125 0.41805555555555557 0.21328125 0.47638888888888886 0.2203125 0.4986111111111111 0.2234375 0.5 0.23046875 0.4708333333333333 0.23125 0.4041666666666667 0.228125 0.3972222222222222 0.22109375 0.3972222222222222 0.21484375 0.40694444444444444
0 0.1578125 0.31666666666666665 0.153125 0.3333333333333333 0.15390625 0.3472222222222222 0.17109375 0.3486111111111111 0.19765625 0.3458333333333333 0.20859375 0.31527777777777777 0.1609375 0.3111111111111111
0 0.5859375 0.6625 0.59140625 0.6986111111111111 0.578125 0.725 0.578125 0.7416666666666667 0.58203125 0.7625 0.5890625 0.7625 0.6125 0.8013888888888889 0.60859375 0.8180555555555555 0.60859375 0.8472222222222222 0.61171875 0.8611111111111112 0.609375 0.8902777777777777 0.61875 0.9375 0.62421875 0.9402777777777778 0.63671875 0.9041666666666667 0.63515625 0.8597222222222223 0.6421875 0.8402777777777778 0.65390625 0.85 0.66171875 0.85 0.68203125 0.8388888888888889 0.68828125 0.8236111111111111 0.684375 0.8069444444444445 0.6640625 0.7736111111111111 0.6609375 0.7611111111111111 0.66328125 0.7472222222222222 0.67265625 0.7458333333333333 0.68671875 0.7333333333333333 0.69921875 0.7138888888888889 0.7109375 0.7055555555555556 0.71328125 0.6972222222222222 0.71328125 0.675 0.70390625 0.6666666666666666 0.69453125 0.6708333333333333 0.68359375 0.6375 0.6921875 0.6083333333333333 0.69453125 0.5736111111111111 0.6921875 0.5402777777777777 0.68203125 0.5319444444444444 0.67421875 0.5527777777777778 0.64140625 0.5541666666666667 0.63828125 0.525 0.625 0.5166666666666667 0.615625 0.5513888888888889 0.61328125 0.5944444444444444 0.6171875 0.6236111111111111 0.59296875 0.6333333333333333
0 0.45859375 0.45416666666666666 0.45546875 0.4583333333333333 0.45859375 0.46944444444444444 0.465625 0.4708333333333333 0.46875 0.48194444444444445 0.478125 0.4847222222222222 0.4875 0.4986111111111111 0.4953125 0.49722222222222223 0.49140625 0.4861111111111111 0.4765625 0.4666666666666667
0 0.49921875 0.5041666666666667 0.49765625 0.5152777777777777 0.5109375 0.5361111111111111 0.55859375 0.5777777777777777 0.56953125 0.5736111111111111 0.50859375 0.5027777777777778
0 0.1890625 0.2625 0.1890625 0.28194444444444444 0.1953125 0.29305555555555557 0.203125 0.29583333333333334 0.20390625 0.26805555555555555 0.20078125 0.25833333333333336 0.1953125 0.25555555555555554
0 0.38671875 0.3416666666666667 0.3875 0.3597222222222222 0.4125 0.37222222222222223 0.4421875 0.42083333333333334 0.4421875 0.4388888888888889 0.44609375 0.4486111111111111 0.45703125 0.44305555555555554 0.4609375 0.42916666666666664 0.4734375 0.42083333333333334 0.4859375 0.425 0.49453125 0.4013888888888889 0.484375 0.38055555555555554 0.45703125 0.35694444444444445 0.43046875 0.35555555555555557 0.415625 0.33611111111111114 0.39453125 0.3277777777777778 0.390625 0.32916666666666666
0 0.2171875 0.2125 0.21640625 0.2222222222222222 0.2375 0.25 0.25 0.2569444444444444 0.2609375 0.25 0.25625 0.22916666666666666 0.24453125 0.2152777777777778 0.23046875 0.20416666666666666
0 0.56953125 0.4791666666666667 0.56796875 0.49444444444444446 0.57734375 0.5055555555555555 0.609375 0.5208333333333334 0.61328125 0.4986111111111111 0.609375 0.4861111111111111 0.58125 0.4625 0.5734375 0.4638888888888889
0 0.38828125 0.3375 0.38828125 0.35833333333333334 0.403125 0.3625 0.4078125 0.36944444444444446 0.42734375 0.37222222222222223 0.4765625 0.4125 0.490625 0.4111111111111111 0.4921875 0.3972222222222222 0.48671875 0.3861111111111111 0.4625 0.3611111111111111 0.4453125 0.3541666666666667 0.42578125 0.3541666666666667 0.41640625 0.3375 0.40390625 0.33611111111111114 0.39375 0.3277777777777778
0 0.55 0.5875 0.55234375 0.5930555555555556 0.57552109375 0.5888888888888889 0.58359375 0.6111111111111112 0.54921875 0.7333333333333333 0.540625 0.7305555555555555 0.53671875 0.7180555555555556 0.5296875 0.7208333333333333 0.58359375 0.9777777777777777 0.5890625 0.9986111111111111 0.6 0.9986111111111111 0.5890625 0.9180555555555555 0.571875 0.8375 0.5484375 0.7541666666666667 0.5609375 0.7458333333333333 0.56640625 0.7347222222222223 0.6015625 0.5930555555555556 0.6015625 0.5805555555555556 0.5984375 0.575 0.5734375 0.5694444444444444 0.55703125 0.5861111111111111
0 0.3234375 0.3486111111111111 0.32109375 0.35833333333333334 0.32734375 0.3861111111111111 0.36171875 0.5 0.37734375 0.5708333333333333 0.4046875 0.6444444444444445 0.4078125 0.6402777777777777 0.4046875 0.6222222222222222 0.3875 0.5708333333333333 0.3734375 0.5083333333333333
0 0.3421875 0.8916666666666667 0.340625 0.9013888888888889 0.34765625 0.9055555555555556 0.4140625 0.8930555555555556 0.48411484375 0.8958333333333334 0.49375 0.9055555555555556 0.49375 0.9138888888888889 0.50390625 0.8930555555555556 0.5015625 0.8847222222222222 0.409375 0.8736111111111111
0 0.35625 0.6152777777777778 0.3546875 0.6291666666666667 0.365625 0.6430555555555556 0.396875 0.7041666666666667 0.40625 0.7277777777777777 0.40859375 0.7444444444444445 0.40703125 0.7527777777777778 0.3890625 0.7597222222222222 0.3703125 0.7486111111111111 0.3421875 0.7180555555555556 0.33828125 0.7166666666666667 0.3375 0.725 0.3734375 0.7652777777777777 0.37265625 0.7708333333333334 0.41015625 0.7736111111111111 0.42109375 0.7805555555555556 0.46171875 0.8361111111111111 0.48671875 0.8569444444444444 0.4859375 0.8486111111111111 0.47265625 0.8208333333333333 0.42421875 0.7541666666666667 0.40859375 0.6986111111111111 0.3734375 0.6263888888888889 0.365625 0.6138888888888889
0 0.3546875 0.41388888888888886 0.3453125 0.41805555555555557 0.34609375 0.4236111111111111 0.35390625 0.4152777777777778 0.365625 0.42083333333333334 0.4015625 0.4111111111111111 0.40859375 0.4041666666666667 0.403125 0.4
0 0.3515625 0.43194444444444446 0.3484375 0.43472222222222223 0.3546875 0.45 0.3890625 0.4777777777777778 0.4046875 0.5013888888888889 0.4109375 0.5180555555555556 0.41796875 0.5263888888888889 0.421875 0.525 0.4140625 0.5097222222222222 0.4125 0.49166666666666664 0.41796875 0.4875 0.4109375 0.47638888888888886 0.3828125 0.4597222222222222
0 0.2703125 0.35833333333333334 0.30703125 0.4041666666666667 0.30625 0.4222222222222222 0.284375 0.43333333333333335 0.26796875 0.43333333333333335 0.24765625 0.44583333333333336 0.24765625 0.4527777777777778 0.271875 0.4486111111111111 0.31640625 0.4305555555555556 0.33046875 0.4305555555555556 0.34296875 0.4375 0.33828125 0.4222222222222222 0.2828125 0.3625 0.271875 0.3541666666666667