0 0.3828125 0.2652777777777778 0.39453125 0.2763888888888889 0.396875 0.2861111111111111 0.396875 0.29583333333333334 0.3953125 0.2972222222222222 0.3890625 0.2972222222222222 0.3734375 0.2791666666666667 0.37265625 0.2722222222222222 0.375 0.26666666666666666 0.38203125 0.2652777777777778
0 0.590625 0.5319444444444444 0.5953125 0.5416666666666666 0.59375 0.5541666666666667 0.5890625 0.5680555555555555 0.57890625 0.5819444444444445 0.571875 0.5819444444444445 0.5671875 0.5777777777777777 0.5640625 0.5680555555555555 0.5640625 0.5569444444444445 0.578125 0.5305555555555556 0.58671875 0.5291666666666667 0.58984375 0.5319444444444444
0 0.25390625 0.5319444444444444 0.2734375 0.5486111111111112 0.2765625 0.5541666666666667 0.2765625 0.5597222222222222 0.2734375 0.5680555555555555 0.25546875 0.5958333333333333 0.25078125 0.5944444444444444 0.2234375 0.5708333333333333 0.2203125 0.5638888888888889 0.2234375 0.5541666666666667 0.24453125 0.5305555555555556 0.2515625 0.5291666666666667 0.253125 0.5319444444444444
0 0.47421875 0.8125 0.50859375 0.8472222222222222 0.509375 0.8902777777777777 0.50546875 0.9138888888888889 0.5046875 0.9347222222222222 0.50234375 0.9430555555555555 0.49140625 0.9388888888888889 0.48671875 0.9291666666666667 0.47578125 0.9319444444444445 0.46640625 0.9291666666666667 0.45703125 0.9083333333333333 0.4484375 0.9069444444444444 0.44453125 0.9 0.44453125 0.8888888888888888 0.4625 0.8416666666666667 0.46328125 0.8277777777777777 0.46875 0.8152777777777778 0.4734375 0.8125
0 0.48046875 0.3375 0.4875 0.3416666666666667 0.49140625 0.35 0.490625 0.36666666666666664 0.48125 0.3819444444444444 0.459375 0.40555555555555556 0.4515625 0.4083333333333333 0.44765625 0.4041666666666667 0.44609375 0.3902777777777778 0.44921875 0.37916666666666665 0.47109375 0.34444444444444444 0.4796875 0.3388888888888889
0 0.4734375 0.7486111111111111 0.49453125 0.7875 0.49609375 0.7958333333333333 0.4953125 0.8069444444444445 0.4875 0.8166666666666667 0.47421875 0.8097222222222222 0.45859375 0.7819444444444444 0.45859375 0.7652777777777777 0.465625 0.7527777777777778 0.47265625 0.7486111111111111
0 0.48203125 0.39444444444444443 0.4890625 0.4 0.49609375 0.44166666666666665 0.50078125 0.4583333333333333 0.50078125 0.4666666666666667 0.49921875 0.4736111111111111 0.49375 0.4791666666666667 0.47578125 0.48194444444444445 0.46640625 0.4875 0.4578125 0.4847222222222222 0.45234375 0.46944444444444444 0.44609375 0.42916666666666664 0.44609375 0.41944444444444445 0.453125 0.4083333333333333 0.45625 0.4083333333333333 0.46640625 0.39861111111111114 0.4765625 0.39305555555555555 0.48125 0.39444444444444443
0 0.221875 0.25277777777777777 0.2265625 0.25416666666666665 0.23203125 0.2625 0.2359375 0.29583333333333334 0.21484375 0.3125 0.209375 0.3111111111111111 0.20546875 0.3055555555555556 0.20390625 0.29583333333333334 0.20625 0.2791666666666667 0.20390625 0.26805555555555555 0.21328125 0.25416666666666665 0.22109375 0.25277777777777777
0 0.5359375 0.3819444444444444 0.54609375 0.3861111111111111 0.54921875 0.39305555555555555 0.55078125 0.4041666666666667 0.5390625 0.4166666666666667 0.525 0.41388888888888886 0.52578125 0.3958333333333333 0.52890625 0.3888888888888889 0.53515625 0.38333333333333336
0 0.41015625 0.6416666666666667 0.4171875 0.6527777777777778 0.41796875 0.6666666666666666 0.4140625 0.6736111111111112 0.4078125 0.6763888888888889 0.4046875 0.675 0.39375 0.6513888888888889 0.38515625 0.6444444444444445 0.38359375 0.6361111111111111 0.38671875 0.6291666666666667 0.39453125 0.6222222222222222 0.40078125 0.6208333333333333 0.40390625 0.6319444444444444 0.409375 0.6416666666666667
0 0.36875 0.5222222222222223 0.3828125 0.5361111111111111 0.3921875 0.5527777777777778 0.3953125 0.5638888888888889 0.3953125 0.5708333333333333 0.38984375 0.5916666666666667 0.36640625 0.6027777777777777 0.35234375 0.5902777777777778 0.34453125 0.5763888888888888 0.34296875 0.5666666666666667 0.346875 0.55 0.3546875 0.5416666666666666 0.365625 0.5222222222222223 0.36796875 0.5222222222222223
0 0.3671875 0.2722222222222222 0.375 0.2791666666666667 0.38671875 0.29583333333333334 0.3921875 0.29583333333333334 0.390625 0.3 0.39375 0.3055555555555556 0.40859375 0.31805555555555554 0.4140625 0.3277777777777778 0.41328125 0.34444444444444444 0.41015625 0.35833333333333334 0.39375 0.375 0.3828125 0.3958333333333333 0.37421875 0.3958333333333333 0.36015625 0.38472222222222224 0.346875 0.3638888888888889 0.3296875 0.3472222222222222 0.32578125 0.33194444444444443 0.3265625 0.30416666666666664 0.32890625 0.29444444444444445 0.33828125 0.28888888888888886 0.35546875 0.2722222222222222 0.3609375 0.26944444444444443 0.36640625 0.2722222222222222
0 0.603125 0.5388888888888889 0.6125 0.5458333333333333 0.61875 0.5694444444444444 0.61796875 0.5819444444444445 0.6125 0.5916666666666667 0.6046875 0.5916666666666667 0.6 0.5875 0.59453125 0.5722222222222222 0.59453125 0.55 0.5984375 0.5388888888888889 0.60234375 0.5388888888888889
0 0.2 0.5541666666666667 0.2125 0.5625 0.21484375 0.5736111111111111 0.203125 0.5958333333333333 0.1828125 0.625 0.171875 0.6194444444444445 0.165625 0.6097222222222223 0.171875 0.5805555555555556 0.171875 0.5638888888888889 0.175 0.5569444444444445 0.18515625 0.55 0.19375 0.55 0.19921875 0.5541666666666667
0 0.50234375 0.36527777777777776 0.50703125 0.36527777777777776 0.51328125 0.37083333333333335 0.525 0.37222222222222223 0.52734375 0.3763888888888889 0.52578125 0.40555555555555556 0.5234375 0.41388888888888886 0.515625 0.4166666666666667 0.50390625 0.41388888888888886 0.5 0.4013888888888889 0.5 0.37222222222222223 0.50234375 0.36666666666666664
0 0.35703125 0.3819444444444444 0.37265625 0.3958333333333333 0.384375 0.3958333333333333 0.3921875 0.4125 0.39921875 0.41805555555555557 0.39609375 0.48055555555555557 0.3875 0.49166666666666664 0.37109375 0.4986111111111111 0.34375 0.4986111111111111 0.33984375 0.49583333333333335 0.33671875 0.48333333333333334 0.33828125 0.4666666666666667 0.353125 0.3972222222222222 0.35078125 0.3888888888888889 0.35234375 0.38333333333333336 0.35625 0.3819444444444444
0 0.2625 0.6097222222222223 0.26953125 0.6166666666666667 0.2703125 0.6319444444444444 0.265625 0.6388888888888888 0.2546875 0.6458333333333334 0.23125 0.6430555555555556 0.2265625 0.6305555555555555 0.22734375 0.6208333333333333 0.2328125 0.6125 0.26171875 0.6097222222222223
0 0.28046875 0.5777777777777777 0.28203125 0.5708333333333333 0.2859375 0.5708333333333333 0.28671875 0.5777777777777777 0.28125 0.5777777777777777
0 0.459375 0.3347222222222222 0.46484375 0.3416666666666667 0.465625 0.35138888888888886 0.44765625 0.38055555555555554 0.44375 0.39861111111111114 0.425 0.39166666666666666 0.42109375 0.3861111111111111 0.42578125 0.37222222222222223 0.4359375 0.3611111111111111 0.45 0.3375 0.45859375 0.3347222222222222
0 0.24140625 0.49027777777777776 0.24453125 0.4930555555555556 0.24453125 0.5069444444444444 0.23125 0.5222222222222223 0.2203125 0.5222222222222223 0.2171875 0.5194444444444445 0.21328125 0.5125 0.21328125 0.5027777777777778 0.22265625 0.4930555555555556 0.234375 0.49444444444444446 0.240625 0.49027777777777776
0 0.44296875 0.4013888888888889 0.4453125 0.4041666666666667 0.44609375 0.4125 0.44296875 0.43472222222222223 0.43671875 0.45694444444444443 0.43671875 0.4638888888888889 0.43984375 0.4722222222222222 0.43515625 0.4736111111111111 0.428125 0.4888888888888889 0.403125 0.48055555555555557 0.396875 0.4736111111111111 0.39921875 0.44166666666666665 0.3984375 0.4305555555555556 0.4015625 0.40694444444444444 0.4109375 0.39166666666666666 0.42265625 0.39166666666666666 0.4421875 0.4013888888888889
0 0.2828125 0.2916666666666667 0.30703125 0.29305555555555557 0.31015625 0.29583333333333334 0.31640625 0.31527777777777777 0.31796875 0.3333333333333333 0.321875 0.34444444444444444 0.321875 0.3625 0.3125 0.38472222222222224 0.31171875 0.39305555555555555 0.30078125 0.40555555555555556 0.26015625 0.3972222222222222 0.2546875 0.38333333333333336 0.24921875 0.35555555555555557 0.24296875 0.3416666666666667 0.24296875 0.32916666666666666 0.24609375 0.31666666666666665 0.2578125 0.30277777777777776 0.2625 0.29305555555555557 0.26640625 0.2902777777777778 0.28203125 0.2916666666666667
0 0.22421875 0.6263888888888889 0.2375 0.6680555555555555 0.2375 0.6777777777777778 0.23203125 0.6819444444444445 0.2015625 0.6902777777777778 0.19453125 0.6902777777777778 0.1921875 0.6875 0.18203125 0.6541666666666667 0.18125 0.6444444444444445 0.2125 0.6180555555555556 0.21953125 0.6180555555555556 0.2234375 0.6263888888888889
0 0.47890625 0.6833333333333333 0.4875 0.6944444444444444 0.48828125 0.7055555555555556 0.48046875 0.7347222222222223 0.4734375 0.7444444444444445 0.4625 0.7430555555555556 0.459375 0.7347222222222223 0.45859375 0.7194444444444444 0.46640625 0.6888888888888889 0.4734375 0.6819444444444445 0.478125 0.6833333333333333
0 0.39453125 0.7958333333333333 0.38671875 0.7638888888888888 0.3859375 0.7361111111111112 0.3875 0.7263888888888889 0.39609375 0.7125 0.41171875 0.7083333333333334 0.43203125 0.6861111111111111 0.4359375 0.6861111111111111 0.4390625 0.6916666666666667 0.4421875 0.7055555555555556 0.45 0.7208333333333333 0.453125 0.7361111111111112 0.4546875 0.7652777777777777 0.44765625 0.7805555555555556 0.4484375 0.7888888888888889 0.446875 0.7944444444444444 0.44140625 0.8055555555555556 0.43515625 0.8277777777777777 0.43125 0.8347222222222223 0.421875 0.8416666666666667 0.41640625 0.8402777777777778 0.4109375 0.8166666666666667 0.3953125 0.7958333333333333
0 0.70234375 0.5708333333333333 0.7109375 0.5861111111111111 0.71328125 0.5972222222222222 0.71171875 0.6097222222222223 0.70546875 0.6180555555555556 0.69453125 0.6166666666666667 0.6859375 0.5986111111111111 0.6921875 0.5666666666666667 0.696875 0.5652777777777778 0.7015625 0.5708333333333333
0 0.6296875 0.5722222222222222 0.63359375 0.5736111111111111 0.63984375 0.5833333333333334 0.646875 0.5888888888888889 0.65546875 0.6027777777777777 0.65546875 0.6111111111111112 0.65234375 0.6236111111111111 0.64765625 0.6291666666666667 0.640625 0.6277777777777778 0.63671875 0.6222222222222222 0.6265625 0.6236111111111111 0.625 0.6208333333333333 0.6203125 0.6027777777777777 0.6203125 0.5916666666666667 0.6234375 0.5763888888888888 0.62890625 0.5722222222222222
0 0.56953125 0.4111111111111111 0.57578125 0.41944444444444445 0.5765625 0.42916666666666664 0.565625 0.4583333333333333 0.55859375 0.4625 0.553125 0.4625 0.546875 0.4527777777777778 0.5453125 0.44722222222222224 0.54609375 0.4388888888888889 0.559375 0.4152777777777778 0.56328125 0.4111111111111111 0.56875 0.4111111111111111
0 0.3109375 0.6527777777777778 0.3171875 0.6555555555555556 0.32265625 0.6652777777777777 0.32421875 0.675 0.32109375 0.6833333333333333 0.3109375 0.6986111111111111 0.3 0.7069444444444445 0.2875 0.7069444444444445 0.2828125 0.7 0.2828125 0.6819444444444445 0.30234375 0.6583333333333333 0.31015625 0.6541666666666667
0 0.35546875 0.6027777777777777 0.359375 0.6041666666666666 0.3640625 0.6111111111111112 0.3640625 0.6194444444444445 0.359375 0.6236111111111111 0.35546875 0.6208333333333333 0.35234375 0.6138888888888889 0.35234375 0.6069444444444444 0.3546875 0.6041666666666666
0 0.16796875 0.7069444444444445 0.17109375 0.7069444444444445 0.17109375 0.7194444444444444 0.16640625 0.7166666666666667 0.16796875 0.7083333333333334
0 0.2375 0.2986111111111111 0.246875 0.30694444444444446 0.240625 0.33611111111111114 0.22421875 0.3388888888888889 0.21640625 0.3333333333333333 0.215625 0.31666666666666665 0.2203125 0.30694444444444446 0.23671875 0.3
0 0.55 0.4791666666666667 0.55546875 0.4847222222222222 0.55546875 0.49722222222222223 0.56015625 0.5083333333333333 0.559375 0.5152777777777777 0.5640625 0.5180555555555556 0.5640625 0.525 0.56796875 0.525 0.5640625 0.5263888888888889 0.56015625 0.5236111111111111 0.55546875 0.5291666666666667 0.55625 0.5319444444444444 0.55234375 0.5388888888888889 0.55234375 0.5430555555555555 0.55703125 0.5458333333333333 0.56171875 0.5555555555555556 0.56171875 0.5722222222222222 0.5390625 0.6236111111111111 0.53359375 0.6291666666666667 0.52734375 0.6277777777777778 0.525 0.6180555555555556 0.525 0.5861111111111111 0.51875 0.5375 0.51796875 0.49722222222222223 0.52109375 0.49027777777777776 0.54453125 0.4777777777777778 0.54921875 0.4791666666666667
0 0.4046875 0.3875 0.034375 0.05277777777777778
0 0.50625 0.4875 0.51171875 0.4930555555555556 0.515625 0.4930555555555556 0.515625 0.5027777777777778 0.51171875 0.4986111111111111 0.51015625 0.5055555555555555 0.51171875 0.5097222222222222 0.515625 0.5069444444444444 0.51796875 0.525 0.51796875 0.5430555555555555 0.51484375 0.55 0.5109375 0.5527777777777778 0.4921875 0.5597222222222222 0.4875 0.5597222222222222 0.4734375 0.55 0.465625 0.5388888888888889 0.4625 0.5208333333333334 0.465625 0.5097222222222222 0.46640625 0.49722222222222223 0.47265625 0.5027777777777778 0.48125 0.5027777777777778 0.48984375 0.4875 0.50546875 0.4875
0 0.3953125 0.6 0.40234375 0.6069444444444444 0.40234375 0.6180555555555556 0.3890625 0.6263888888888889 0.38125 0.6375 0.36953125 0.6319444444444444 0.3671875 0.625 0.36796875 0.6138888888888889 0.3796875 0.6013888888888889 0.39453125 0.6
0 0.35625 0.6236111111111111 0.36796875 0.6486111111111111 0.36953125 0.6638888888888889 0.3625 0.6736111111111112 0.3390625 0.6944444444444444 0.33515625 0.6944444444444444 0.33125 0.6875 0.32265625 0.6625 0.31328125 0.6444444444444445 0.31015625 0.6333333333333333 0.31015625 0.6069444444444444 0.33203125 0.5875 0.33828125 0.5861111111111111 0.35546875 0.6236111111111111
0 0.2671875 0.20555555555555555 0.3125 0.23333333333333334 0.3171875 0.25555555555555554 0.3171875 0.26944444444444443 0.30859375 0.2833333333333333 0.30703125 0.2902777777777778 0.28203125 0.2916666666666667 0.26640625 0.28888888888888886 0.25546875 0.30694444444444446 0.2421875 0.3 0.23515625 0.28888888888888886 0.2328125 0.25833333333333336 0.25859375 0.20555555555555555 0.26640625 0.20555555555555555
0 0.21953125 0.5847222222222223 0.22890625 0.6 0.22890625 0.6041666666666666 0.2265625 0.6097222222222223 0.21796875 0.6152777777777778 0.209375 0.6152777777777778 0.20625 0.5986111111111111 0.2078125 0.5916666666666667 0.21171875 0.5861111111111111 0.21875 0.5847222222222223
0 0.33359375 0.4861111111111111 0.33671875 0.49166666666666664 0.33671875 0.4986111111111111 0.3328125 0.5083333333333333 0.32734375 0.5138888888888888 0.3171875 0.5125 0.31328125 0.5013888888888889 0.32265625 0.4861111111111111 0.3328125 0.4861111111111111
0 0.64921875 0.49444444444444446 0.66875 0.5041666666666667 0.69375 0.5458333333333333 0.69375 0.5625 0.6875 0.5791666666666667 0.68359375 0.5986111111111111 0.678125 0.6069444444444444 0.66875 0.6069444444444444 0.6625 0.5930555555555556 0.6578125 0.5902777777777778 0.6578125 0.5736111111111111 0.6609375 0.5722222222222222 0.6609375 0.5694444444444444 0.64375 0.5666666666666667 0.63515625 0.5722222222222222 0.62265625 0.5722222222222222 0.615625 0.5527777777777778 0.6171875 0.5402777777777777 0.63203125 0.5083333333333333 0.63515625 0.49722222222222223 0.63828125 0.49444444444444446 0.6484375 0.49444444444444446
0 0.590625 0.4152777777777778 0.64140625 0.4597222222222222 0.640625 0.4708333333333333 0.63515625 0.49444444444444446 0.63203125 0.5 0.6296875 0.5152777777777777 0.62578125 0.5180555555555556 0.61796875 0.5347222222222222 0.61640625 0.5430555555555555 0.6109375 0.5430555555555555 0.5953125 0.5333333333333333 0.56015625 0.49722222222222223 0.56875 0.45 0.584375 0.4166666666666667 0.58984375 0.4152777777777778
0 0.61953125 0.8291666666666667 0.62265625 0.8347222222222223 0.62421875 0.8444444444444444 0.61640625 0.8597222222222223 0.609375 0.8569444444444444 0.6078125 0.8444444444444444 0.61484375 0.8305555555555556 0.61875 0.8291666666666667
0 0.41796875 0.5611111111111111 0.4234375 0.5666666666666667 0.4296875 0.5847222222222223 0.43046875 0.5944444444444444 0.42578125 0.6 0.41484375 0.6013888888888889 0.40859375 0.6055555555555555 0.403125 0.6055555555555555 0.39609375 0.5944444444444444 0.39453125 0.5777777777777777 0.4046875 0.5625 0.4109375 0.5597222222222222 0.4171875 0.5611111111111111
0 0.4359375 0.3263888888888889 0.44296875 0.3347222222222222 0.44453125 0.3402777777777778 0.44375 0.3472222222222222 0.42109375 0.37916666666666665 0.4125 0.3611111111111111 0.41328125 0.35 0.425 0.33055555555555555 0.43515625 0.3263888888888889
0 0.15 0.5361111111111111 0.16484375 0.5263888888888889 0.175 0.5263888888888889 0.17890625 0.5305555555555556 0.1796875 0.5388888888888889 0.178125 0.5472222222222223 0.171875 0.5597222222222222 0.1703125 0.5736111111111111 0.16484375 0.5791666666666667 0.13359375 0.5791666666666667 0.13125 0.5763888888888888 0.13125 0.5625 0.1359375 0.5513888888888889 0.13671875 0.5388888888888889 0.1390625 0.5361111111111111 0.14921875 0.5361111111111111
0 0.465625 0.49027777777777776 0.46484375 0.5 0.4625 0.5027777777777778 0.45234375 0.5013888888888889 0.44765625 0.49444444444444446 0.4453125 0.4847222222222222 0.4453125 0.4777777777777778 0.44921875 0.4722222222222222 0.453125 0.4722222222222222 0.45859375 0.4875 0.46484375 0.49027777777777776
0 0.4640625 0.6041666666666666 0.4765625 0.6180555555555556 0.48671875 0.6111111111111112 0.51171875 0.6111111111111112 0.515625 0.6152777777777778 0.515625 0.6305555555555555 0.51328125 0.6388888888888888 0.515625 0.6472222222222223 0.51484375 0.6777777777777778 0.50546875 0.7 0.50078125 0.7041666666666667 0.490625 0.7013888888888888 0.484375 0.6875 0.47890625 0.6819444444444445 0.471875 0.6819444444444445 0.4640625 0.6875 0.44609375 0.6666666666666666 0.44609375 0.6486111111111111 0.44140625 0.6361111111111111 0.45625 0.6111111111111112 0.46328125 0.6041666666666666
0 0.553125 0.40555555555555556 0.55625 0.4111111111111111 0.55625 0.41805555555555557 0.546875 0.4361111111111111 0.5453125 0.44722222222222224 0.54296875 0.4513888888888889 0.5328125 0.45416666666666666 0.51796875 0.4486111111111111 0.515625 0.44027777777777777 0.515625 0.4236111111111111 0.52109375 0.4166666666666667 0.53984375 0.4166666666666667 0.55234375 0.40555555555555556