0 0.13828125 0.8069444444444445 0.1359375 0.8208333333333333 0.14609375 0.8319444444444445 0.14765625 0.8402777777777778 0.14921875 0.8888888888888888 0.17890625 0.8875 0.19140625 0.8763888888888889 0.215625 0.8722222222222222 0.225 0.8597222222222223 0.2375 0.8166666666666667 0.23984375 0.7958333333333333 0.246875 0.7875 0.2421875 0.7847222222222222 0.240625 0.7652777777777777 0.228125 0.7666666666666667 0.21796875 0.7486111111111111 0.22421875 0.7402777777777778 0.21328125 0.7305555555555555 0.1609375 0.7680555555555556 0.15 0.7916666666666666 0.15078125 0.8055555555555556
0 0.2546875 0.8611111111111112 0.2546875 0.8888888888888888 0.2625 0.8972222222222223 0.27109375 0.8902777777777777 0.28203125 0.8708333333333333 0.29375 0.8694444444444445 0.31015625 0.8763888888888889 0.32734375 0.8666666666666667 0.334375 0.8444444444444444 0.3421875 0.8388888888888889 0.34296875 0.8305555555555556 0.33203125 0.8027777777777778 0.28515625 0.775 0.26953125 0.7888888888888889 0.27890625 0.7916666666666666 0.27734375 0.8027777777777778 0.284375 0.8027777777777778 0.2859375 0.8166666666666667 0.30234375 0.8291666666666667 0.28828125 0.8472222222222222 0.26796875 0.8597222222222223
0 0.37265625 0.7291666666666666 0.37265625 0.7444444444444445 0.36171875 0.7611111111111111 0.36171875 0.7680555555555556 0.3625 0.7819444444444444 0.36796875 0.7819444444444444 0.37421875 0.7944444444444444 0.37890625 0.8194444444444444 0.37734375 0.8875 0.3828125 0.9152777777777777 0.38984375 0.9277777777777778 0.3984375 0.9277777777777778 0.40625 0.9 0.40390625 0.8625 0.4125 0.8486111111111111 0.4453125 0.9305555555555556 0.4546875 0.9319444444444445 0.46796875 0.9166666666666666 0.47265625 0.9013888888888889 0.47109375 0.8791666666666667 0.4390625 0.8097222222222222 0.44609375 0.7791666666666667 0.43515625 0.7638888888888888 0.4171875 0.7541666666666667 0.40078125 0.7305555555555555
0 0.2390625 0.7097222222222223 0.240625 0.7222222222222222 0.2484375 0.7305555555555555 0.24921875 0.7222222222222222 0.25546875 0.7208333333333333 0.25859375 0.7125 0.25859375 0.6986111111111111 0.253125 0.6958333333333333 0.2515625 0.7027777777777777
0 0.6671875 0.9125 0.6640625 0.9180555555555555 0.6671875 0.9569444444444445 0.6796875 0.9486111111111111 0.69453125 0.95 0.7203125 0.9805555555555555 0.728125 0.9736111111111111 0.73046875 0.9847222222222223 0.7390625 0.9888888888888889 0.7421875 0.9986111111111111 0.75546875 0.9986111111111111 0.76640625 0.9555555555555556 0.765625 0.9458333333333333 0.76171875 0.9416666666666667 0.70625 0.9013888888888889 0.68515625 0.9097222222222222 0.67890625 0.925 0.671875 0.925 0.67265625 0.9180555555555555
0 0.678125 0.9930555555555556 0.67734375 0.9986111111111111 0.72890625 0.9986111111111111 0.69765625 0.9763888888888889
0 0.63203125 0.9319444444444445 0.6328125 0.9444444444444444 0.64453125 0.9527777777777777 0.64453125 0.9458333333333333 0.64921875 0.9388888888888889 0.65390625 0.9444444444444444 0.66171875 0.9347222222222222 0.6625 0.9138888888888889 0.67109375 0.9111111111111111 0.6734375 0.8972222222222223 0.646875 0.9 0.63515625 0.9180555555555555
0 0.4921875 0.9444444444444444 0.4921875 0.9986111111111111 0.6015625 0.9986111111111111 0.5890625 0.9541666666666667 0.60546875 0.9347222222222222 0.61484375 0.9402777777777778 0.6140625 0.9361111111111111 0.6234375 0.925 0.62421875 0.8986111111111111 0.61953125 0.8888888888888888 0.61953125 0.8722222222222222 0.625 0.8583333333333333 0.6109375 0.85 0.60625 0.8375 0.5953125 0.8263888888888888 0.54296875 0.8263888888888888 0.52578125 0.8513888888888889 0.51484375 0.8527777777777777 0.51171875 0.8486111111111111 0.509375 0.8527777777777777 0.50703125 0.8680555555555556 0.51796875 0.9041666666666667 0.5015625 0.9180555555555555 0.49375 0.9319444444444445
0 0.11875 0.9805555555555555 0.115625 0.9847222222222223 0.13203125 0.9847222222222223 0.15625 0.9652777777777778 0.146875 0.9652777777777778
0 0.175 0.95 0.171875 0.9555555555555556 0.18359375 0.9611111111111111 0.2734375 0.9277777777777778 0.36484375 0.9041666666666667 0.371875 0.8972222222222223 0.371875 0.8902777777777777 0.359375 0.8875 0.33671875 0.8972222222222223 0.3125 0.8972222222222223 0.253125 0.9236111111111112 0.21015625 0.9319444444444445
0 0.071875 0.9375 0.071875 0.9611111111111111 0.0890625 0.9625 0.103125 0.9569444444444445 0.11640625 0.9347222222222222 0.1234375 0.8861111111111111 0.10703125 0.8861111111111111 0.096875 0.8722222222222222 0.0921875 0.8722222222222222