0 0.20390625 0.3763888888888889 0.18359375 0.4125 0.18359375 0.41944444444444445 0.19296875 0.43194444444444446 0.1984375 0.4875 0.20390625 0.4930555555555556 0.215625 0.4875 0.23046875 0.49027777777777776 0.24453125 0.47638888888888886 0.27578125 0.4708333333333333 0.27890625 0.4583333333333333 0.28671875 0.45555555555555555 0.30859375 0.4666666666666667 0.3125 0.49027777777777776 0.3171875 0.4986111111111111 0.32421875 0.4986111111111111 0.3390625 0.4847222222222222 0.36015625 0.48333333333333334 0.36875 0.4777777777777778 0.384375 0.45694444444444443 0.38828125 0.43472222222222223 0.38671875 0.4152777777777778 0.38203125 0.4013888888888889 0.35 0.3638888888888889 0.340625 0.3625 0.33203125 0.3736111111111111 0.3171875 0.37083333333333335 0.3046875 0.38055555555555554 0.290625 0.37777777777777777 0.28515625 0.3486111111111111 0.28671875 0.3236111111111111 0.28125 0.32083333333333336 0.2625 0.32083333333333336 0.25703125 0.3375 0.23359375 0.35138888888888886 0.225 0.3625 0.21015625 0.36666666666666664
0 0.284375 0.29305555555555557 0.28203125 0.31805555555555554 0.2890625 0.3194444444444444 0.29140625 0.3277777777777778 0.3046875 0.3347222222222222 0.309375 0.3486111111111111 0.3390625 0.35833333333333334 0.34453125 0.35555555555555557 0.34921875 0.34444444444444444 0.33203125 0.3138888888888889 0.3046875 0.2916666666666667 0.28984375 0.2875
0 0.2875 0.28575694444444444 0.18828125 0.40108472222222225 0.2125 0.4914027777777778 0.275 0.47750694444444447 0.3375 0.5011291666666666 0.409375 0.428875 0.390625 0.33299999999999996 0.29296875 0.28575694444444444
0 0.78515625 0.8486111111111111 0.78515625 0.8652777777777778 0.78984375 0.8875 0.81328125 0.8861111111111111 0.82109375 0.8527777777777777 0.82109375 0.825 0.8171875 0.8055555555555556 0.80078125 0.7958333333333333 0.79609375 0.7986111111111112 0.7890625 0.8208333333333333
0 0.24453125 0.5388888888888889 0.23984375 0.5430555555555555 0.240625 0.55 0.296875 0.5347222222222222 0.3015625 0.5666666666666667 0.38671875 0.5527777777777778 0.41640625 0.5388888888888889 0.4203125 0.5305555555555556 0.42734375 0.5361111111111111 0.4375 0.5305555555555556 0.446875 0.5416666666666666 0.4546875 0.5430555555555555 0.46953125 0.5625 0.4625 0.5777777777777777 0.46796875 0.5875 0.46640625 0.6083333333333333 0.57890625 0.7861111111111111 0.56328125 0.8458333333333333 0.56171875 0.8611111111111112 0.56484375 0.8666666666666667 0.58125 0.8833333333333333 0.59140625 0.8861111111111111 0.6203125 0.7958333333333333 0.6609375 0.8486111111111111 0.65859375 0.8666666666666667 0.66796875 0.9111111111111111 0.671875 0.9166666666666666 0.734375 0.8833333333333333 0.76171875 0.8569444444444444 0.753125 0.8222222222222222 0.75234375 0.8069444444444445 0.759375 0.7888888888888889 0.76328125 0.7388888888888889 0.78125 0.7083333333333334 0.78984375 0.7097222222222223 0.79140625 0.7208333333333333 0.80078125 0.7194444444444444 0.79140625 0.6930555555555555 0.7921875 0.6777777777777778 0.8046875 0.6472222222222223 0.8046875 0.6333333333333333 0.80078125 0.6277777777777778 0.74765625 0.5833333333333334 0.4953125 0.41388888888888886 0.48359375 0.4013888888888889 0.471875 0.4 0.4625 0.425 0.465625 0.44305555555555554 0.45390625 0.45555555555555555 0.4421875 0.4236111111111111 0.43125 0.42083333333333334 0.42421875 0.4263888888888889 0.42265625 0.4527777777777778 0.42890625 0.47638888888888886 0.428125 0.4861111111111111 0.40078125 0.4861111111111111 0.38984375 0.4930555555555556 0.3796875 0.4861111111111111 0.36875 0.49583333333333335 0.334375 0.5055555555555555 0.31171875 0.5208333333333334 0.2828125 0.5236111111111111
0 0.28125 0.7333333333333333 0.28046875 0.7472222222222222 0.2984375 0.7791666666666667 0.35703125 0.8027777777777778 0.3640625 0.8013888888888889 0.3703125 0.7819444444444444 0.37109375 0.7583333333333333 0.35859375 0.7458333333333333 0.3140625 0.725
0 0.34375 0.8347222222222223 0.34375 0.8472222222222222 0.34921875 0.8527777777777777 0.38203125 0.8597222222222223 0.3984375 0.85 0.41875 0.85 0.43515625 0.8430555555555556 0.4375 0.8152777777777778 0.446875 0.8055555555555556 0.48046875 0.825 0.52578125 0.8416666666666667 0.53203125 0.8402777777777778 0.53671875 0.8222222222222222 0.53359375 0.825 0.48984375 0.8111111111111111 0.46328125 0.7972222222222223 0.4578125 0.7847222222222222 0.45390625 0.7888888888888889 0.4375 0.7875 0.39921875 0.7708333333333334 0.39765625 0.7777777777777778 0.41015625 0.7847222222222222 0.4015625 0.8041666666666667 0.37109375 0.8069444444444445 0.35234375 0.8263888888888888 0.3484375 0.825
0 0.48203125 0.6111111111111112 0.45859375 0.6388888888888888 0.446875 0.6291666666666667 0.42890625 0.6333333333333333 0.38828125 0.6791666666666667 0.34921875 0.6694444444444444 0.33125 0.6541666666666667 0.2921875 0.6375 0.2859375 0.6236111111111111 0.27890625 0.6222222222222222 0.27890625 0.6263888888888889 0.28828125 0.6541666666666667 0.35078125 0.6916666666666667 0.36796875 0.6958333333333333 0.38125 0.7097222222222223 0.42109375 0.7208333333333333 0.4328125 0.7319444444444444 0.4578125 0.7375 0.50078125 0.7597222222222222 0.51171875 0.7597222222222222 0.51171875 0.7513888888888889 0.50703125 0.7416666666666667 0.4875 0.7263888888888889 0.4875 0.7097222222222223 0.50234375 0.6902777777777778 0.5046875 0.6722222222222223 0.49296875 0.6291666666666667 0.4875 0.6152777777777778
0 0.015625 0.7555555555555555 0.01484375 0.7625 0.0171875 0.7638888888888888 0.025 0.7569444444444444 0.02578125 0.7375 0.01875 0.7444444444444445
0 0.3953125 0.24583333333333332 0.39375 0.2569444444444444 0.40390625 0.275 0.415625 0.2763888888888889 0.41484375 0.2569444444444444 0.40234375 0.24305555555555555
0 0.44140625 0.28194444444444444 0.43828125 0.2972222222222222 0.44453125 0.30694444444444446 0.46328125 0.3194444444444444 0.47109375 0.3138888888888889 0.47265625 0.2986111111111111 0.46328125 0.2777777777777778 0.4484375 0.2722222222222222
0 0.57265625 0.35555555555555557 0.56875 0.3625 0.57109375 0.38055555555555554 0.59296875 0.3902777777777778 0.5953125 0.39861111111111114 0.60859375 0.3902777777777778 0.60859375 0.3763888888888889 0.59453125 0.35138888888888886
0 0.81953125 0.5152777777777777 0.8203125 0.5277777777777778 0.834375 0.5458333333333333 0.8578125 0.5486111111111112 0.8546875 0.525 0.8421875 0.5027777777777778 0.83046875 0.5027777777777778
0 0.5015625 0.3055555555555556 0.4984375 0.30694444444444446 0.50078125 0.31666666666666665 0.515625 0.33055555555555555 0.52265625 0.35138888888888886 0.54609375 0.3611111111111111 0.56015625 0.35833333333333334 0.55703125 0.3347222222222222 0.553125 0.33055555555555555 0.53984375 0.32083333333333336 0.5328125 0.32916666666666666 0.51796875 0.3138888888888889
0 0.28046875 0.19444444444444445 0.2796875 0.2111111111111111 0.2890625 0.21805555555555556 0.33515625 0.20972222222222223 0.3328125 0.2013888888888889 0.3015625 0.17222222222222222 0.29296875 0.175
0 0.0765625 0.5666666666666667 0.07109375 0.5986111111111111 0.06328125 0.6152777777777778 0.06328125 0.6222222222222222 0.07578125 0.6138888888888889 0.078125 0.6166666666666667 0.07734375 0.6375 0.08984375 0.6388888888888888 0.09296875 0.6305555555555555 0.09140625 0.6125 0.09375 0.5972222222222222 0.1125 0.5916666666666667 0.115625 0.5763888888888888 0.1125 0.5680555555555555 0.1078125 0.5666666666666667 0.10625 0.5555555555555556
0 0.6390625 0.4041666666666667 0.64140625 0.41805555555555557 0.67890625 0.44583333333333336 0.68359375 0.4597222222222222 0.709375 0.4708333333333333 0.71484375 0.4638888888888889 0.7125 0.44583333333333336 0.70859375 0.44166666666666665 0.70859375 0.4305555555555556 0.6921875 0.4111111111111111 0.6890625 0.41388888888888886 0.67421875 0.39861111111111114
0 0.0875 0.75 0.08515625 0.7708333333333334 0.09140625 0.7902777777777777 0.1078125 0.8013888888888889 0.12578125 0.7986111111111112 0.13671875 0.7652777777777777 0.1328125 0.7611111111111111 0.1265625 0.7305555555555555 0.1171875 0.7166666666666667 0.096875 0.7305555555555555
0 0.5046875 0.9444444444444444 0.50390625 0.9805555555555555 0.50859375 0.9819444444444444 0.515625 0.9986111111111111 0.5640625 0.9986111111111111 0.5640625 0.9722222222222222 0.5703125 0.9444444444444444 0.56953125 0.9263888888888889 0.56015625 0.8916666666666667 0.55078125 0.8791666666666667 0.54375 0.8805555555555555 0.53125 0.8986111111111111 0.51484375 0.9416666666666667
0 0.125 0.5361111111111111 0.12421875 0.5569444444444445 0.1265625 0.5625 0.14453125 0.5611111111111111 0.15703125 0.5541666666666667 0.16796875 0.5319444444444444 0.1703125 0.4875 0.15625 0.49027777777777776 0.14296875 0.4791666666666667 0.13828125 0.48055555555555557
0 0.5640625 0.8444444444444444 0.5625 0.8583333333333333 0.57578125 0.8694444444444445 0.58046875 0.8597222222222223 0.5984375 0.8583333333333333 0.59765625 0.8472222222222222 0.60859375 0.8402777777777778 0.61640625 0.7930555555555555 0.609375 0.7513888888888889 0.59453125 0.7513888888888889 0.584375 0.7680555555555556 0.5828125 0.7888888888888889 0.5703125 0.8097222222222222
0 0.584375 0.9055555555555556 0.584375 0.9361111111111111 0.58984375 0.95 0.596875 0.9569444444444445 0.62734375 0.9486111111111111 0.646875 0.9291666666666667 0.6515625 0.9180555555555555 0.66484375 0.9138888888888889 0.665625 0.9291666666666667 0.6734375 0.9305555555555556 0.68125 0.9402777777777778 0.68046875 0.9569444444444445 0.67109375 0.9736111111111111 0.678125 0.9819444444444444 0.68671875 0.9819444444444444 0.69375 0.9986111111111111 0.721875 0.9986111111111111 0.728125 0.9916666666666667 0.7328125 0.9694444444444444 0.7359375 0.9666666666666667 0.7484375 0.9666666666666667 0.75078125 0.975 0.7875 0.9805555555555555 0.79296875 0.9555555555555556 0.7859375 0.9402777777777778 0.7875 0.85 0.78203125 0.8458333333333333 0.78515625 0.8194444444444444 0.77890625 0.8166666666666667 0.775 0.8305555555555556 0.76328125 0.8305555555555556 0.7609375 0.8208333333333333 0.7546875 0.8194444444444444 0.74453125 0.8041666666666667 0.72265625 0.8055555555555556 0.71328125 0.8180555555555555 0.68203125 0.8208333333333333 0.64921875 0.8430555555555556 0.64609375 0.8430555555555556 0.64140625 0.8236111111111111 0.62265625 0.8055555555555556 0.61953125 0.8305555555555556 0.62421875 0.8388888888888889 0.62578125 0.8722222222222222 0.59921875 0.8888888888888888