0 0.63828125 0.9333333333333333 0.6421875 0.9375 0.6421875 0.9416666666666667 0.6390625 0.9486111111111111 0.6375 0.9625 0.62890625 0.9722222222222222 0.61484375 0.9722222222222222 0.6125 0.975 0.5953125 0.9652777777777778 0.58515625 0.9555555555555556 0.57890625 0.9361111111111111 0.58203125 0.9291666666666667 0.59140625 0.9166666666666666 0.5984375 0.9194444444444444 0.59921875 0.9263888888888889 0.60234375 0.9319444444444445 0.6 0.9416666666666667 0.60390625 0.9486111111111111 0.603125 0.9569444444444445 0.60859375 0.9666666666666667 0.6109375 0.9625 0.6078125 0.9583333333333334 0.6078125 0.9513888888888888 0.6125 0.9527777777777777 0.61796875 0.9430555555555555 0.628125 0.9347222222222222 0.6375 0.9333333333333333
0 0.29296875 0.7236111111111111 0.28515625 0.7180555555555556 0.2859375 0.7097222222222223 0.2890625 0.7055555555555556 0.29609375 0.7083333333333334 0.29765625 0.7152777777777778 0.29375 0.7222222222222222
0 0.5203125 0.9736111111111111 0.52578125 0.9833333333333333 0.528125 0.9930555555555556 0.52734375 0.9986111111111111 0.48984375 0.9986111111111111 0.48984375 0.9847222222222223 0.4921875 0.9805555555555555 0.49765625 0.9763888888888889 0.5015625 0.9791666666666666 0.50703125 0.9722222222222222 0.51953125 0.9736111111111111
0 0.6625 0.17777777777777778 0.66796875 0.18194444444444444 0.6765625 0.2013888888888889 0.67734375 0.21666666666666667 0.67578125 0.22361111111111112 0.671875 0.22916666666666666 0.65859375 0.22777777777777777 0.65390625 0.22361111111111112 0.64765625 0.2111111111111111 0.646875 0.1986111111111111 0.65 0.18472222222222223 0.6546875 0.17777777777777778 0.66171875 0.17777777777777778
0 0.6828125 0.23055555555555557 0.6859375 0.2388888888888889 0.684375 0.2652777777777778 0.68984375 0.29305555555555557 0.68515625 0.28888888888888886 0.678125 0.2569444444444444 0.66796875 0.2375 0.66953125 0.23333333333333334 0.675 0.2361111111111111 0.68203125 0.23055555555555557
0 0.4375 0.7097222222222223 0.440625 0.7083333333333334 0.44921875 0.7166666666666667 0.4734375 0.75 0.484375 0.7458333333333333 0.50546875 0.7569444444444444 0.52265625 0.7611111111111111 0.52890625 0.7736111111111111 0.534375 0.7791666666666667 0.53515625 0.7875 0.53359375 0.7916666666666666 0.53515625 0.7944444444444444 0.53828125 0.7944444444444444 0.53828125 0.7888888888888889 0.54609375 0.7930555555555555 0.553125 0.8194444444444444 0.55859375 0.8277777777777777 0.5453125 0.8347222222222223 0.53828125 0.8486111111111111 0.53046875 0.8486111111111111 0.52890625 0.8402777777777778 0.52578125 0.8458333333333333 0.51875 0.8263888888888888 0.51640625 0.8069444444444445 0.5171875 0.7986111111111112 0.51484375 0.7958333333333333 0.48984375 0.7972222222222223 0.47265625 0.7944444444444444 0.46796875 0.7930555555555555 0.4625 0.7847222222222222 0.45625 0.7805555555555556 0.45234375 0.7819444444444444 0.44609375 0.7638888888888888 0.44609375 0.7527777777777778 0.44765625 0.7444444444444445 0.45234375 0.7416666666666667 0.453125 0.7375 0.44375 0.7208333333333333 0.4390625 0.7166666666666667 0.43828125 0.7111111111111111
0 0.20703125 0.9097222222222222 0.21640625 0.9194444444444444 0.21015625 0.9347222222222222 0.20390625 0.9347222222222222 0.19765625 0.9277777777777778 0.20234375 0.9125 0.20625 0.9097222222222222
0 0.55390625 0.08611111111111111 0.56640625 0.09166666666666666 0.5671875 0.10138888888888889 0.5640625 0.1125 0.55078125 0.12638888888888888 0.53515625 0.13333333333333333 0.5265625 0.13333333333333333 0.5234375 0.12777777777777777 0.5140625 0.12361111111111112 0.50703125 0.10555555555555556 0.5078125 0.09444444444444444 0.51171875 0.0875 0.51875 0.08472222222222223 0.553125 0.08611111111111111
0 0.55 0.8333333333333334 0.55625 0.8375 0.56015625 0.8472222222222222 0.56484375 0.8694444444444445 0.56328125 0.8875 0.56015625 0.8916666666666667 0.55546875 0.8902777777777777 0.55 0.8861111111111111 0.54765625 0.8805555555555555 0.54296875 0.8472222222222222 0.5453125 0.8388888888888889 0.54921875 0.8347222222222223
0 0.55078125 0.9486111111111111 0.56328125 0.9402777777777778 0.578125 0.9388888888888889 0.58828125 0.9861111111111112 0.5859375 0.9986111111111111 0.55546875 0.9986111111111111 0.55078125 0.9847222222222223 0.54921875 0.9652777777777778 0.54921875 0.9527777777777777 0.55078125 0.95
0 0.57421875 0.13055555555555556 0.59453125 0.13333333333333333 0.6015625 0.1527777777777778 0.6125 0.16805555555555557 0.61328125 0.18472222222222223 0.60078125 0.18194444444444444 0.58515625 0.18888888888888888 0.5765625 0.18888888888888888 0.57421875 0.18611111111111112 0.57265625 0.17777777777777778 0.56328125 0.16111111111111112 0.56015625 0.15 0.55390625 0.14305555555555555 0.55703125 0.14305555555555555 0.56484375 0.13194444444444445 0.5734375 0.13055555555555556
0 0.69609375 0.15833333333333333 0.70703125 0.175 0.71171875 0.19166666666666668 0.7140625 0.19305555555555556 0.71640625 0.18888888888888888 0.71875 0.19444444444444445 0.728125 0.2013888888888889 0.75078125 0.23333333333333334 0.75859375 0.23194444444444445 0.7671875 0.24722222222222223 0.76484375 0.2513888888888889 0.76796875 0.2652777777777778 0.7859375 0.29305555555555557 0.7859375 0.30694444444444446 0.7828125 0.3055555555555556 0.75859375 0.2652777777777778 0.746875 0.2611111111111111 0.74609375 0.2569444444444444 0.75078125 0.24861111111111112 0.74921875 0.24166666666666667 0.71875 0.20555555555555555 0.71328125 0.19583333333333333 0.703125 0.19583333333333333 0.6921875 0.1625 0.69296875 0.15833333333333333 0.6953125 0.15833333333333333
0 0.465625 0.10555555555555556 0.4703125 0.1125 0.4703125 0.12083333333333333 0.465625 0.12083333333333333 0.459375 0.1125 0.46015625 0.10416666666666667 0.46484375 0.10555555555555556
0 0.54609375 0.8902777777777777 0.55703125 0.8986111111111111 0.5734375 0.9 0.58828125 0.9069444444444444 0.58828125 0.9138888888888889 0.58515625 0.9208333333333333 0.57421875 0.9347222222222222 0.559375 0.9333333333333333 0.53515625 0.9222222222222223 0.53125 0.9138888888888889 0.53203125 0.8944444444444445 0.5375 0.8888888888888888 0.5453125 0.8902777777777777
0 0.59921875 0.8611111111111112 0.61953125 0.8791666666666667 0.625 0.8916666666666667 0.63046875 0.9305555555555556 0.61640625 0.9416666666666667 0.6078125 0.9319444444444445 0.59765625 0.9041666666666667 0.59609375 0.8944444444444445 0.5875 0.8833333333333333 0.58515625 0.8763888888888889 0.58671875 0.8611111111111112 0.59140625 0.8583333333333333 0.5984375 0.8611111111111112
0 0.5328125 0.7805555555555556 0.5578125 0.7986111111111112 0.57734375 0.8291666666666667 0.60234375 0.8361111111111111 0.6109375 0.8430555555555556 0.62109375 0.8583333333333333 0.64765625 0.8791666666666667 0.653125 0.8902777777777777 0.64453125 0.9 0.6421875 0.9069444444444444 0.64375 0.9222222222222223 0.64921875 0.9388888888888889 0.64453125 0.9402777777777778 0.63984375 0.9486111111111111 0.6390625 0.9583333333333334 0.640625 0.9611111111111111 0.64765625 0.9597222222222223 0.6484375 0.9638888888888889 0.628125 0.9805555555555555 0.61796875 0.9847222222222223 0.6125 0.9930555555555556 0.603125 0.9958333333333333 0.59453125 0.9944444444444445 0.5921875 0.9986111111111111 0.58828125 0.9986111111111111 0.590625 0.9944444444444445 0.6078125 0.9861111111111112 0.61171875 0.9805555555555555 0.60390625 0.9694444444444444 0.5953125 0.9666666666666667 0.59296875 0.9611111111111111 0.58671875 0.9583333333333334 0.584375 0.9541666666666667 0.5796875 0.9541666666666667 0.575 0.9458333333333333 0.5734375 0.9375 0.55234375 0.9347222222222222 0.55078125 0.9388888888888889 0.5453125 0.9375 0.54453125 0.9402777777777778 0.55078125 0.9555555555555556 0.55703125 0.9527777777777777 0.5578125 0.9555555555555556 0.55703125 0.9583333333333334 0.55234375 0.9583333333333334 0.55390625 0.9666666666666667 0.55078125 0.9708333333333333 0.5578125 0.9944444444444445 0.5453125 0.9944444444444445 0.54765625 0.9875 0.54375 0.975 0.5328125 0.9777777777777777 0.53359375 0.9555555555555556 0.53984375 0.9333333333333333 0.54375 0.9277777777777778 0.5328125 0.9180555555555555 0.53125 0.9111111111111111 0.53203125 0.8972222222222223 0.5328125 0.8930555555555556 0.53671875 0.8902777777777777 0.55 0.8916666666666667 0.55078125 0.8875 0.5484375 0.8833333333333333 0.54921875 0.875 0.54609375 0.8680555555555556 0.5453125 0.8597222222222223 0.53984375 0.8486111111111111 0.53046875 0.8486111111111111 0.5296875 0.8402777777777778 0.52578125 0.8513888888888889 0.5234375 0.8375 0.51875 0.8277777777777777 0.51640625 0.8083333333333333 0.50625 0.8 0.5078125 0.7958333333333333 0.51328125 0.7930555555555555 0.51171875 0.7888888888888889 0.5140625 0.7916666666666666 0.521875 0.7888888888888889 0.53046875 0.7902777777777777 0.5328125 0.7861111111111111 0.53203125 0.7819444444444444
0 0.8265625 0.22361111111111112 0.884375 0.25 0.896875 0.26944444444444443 0.89765625 0.28055555555555556 0.89375 0.2902777777777778 0.88125 0.29444444444444445 0.828125 0.27361111111111114 0.8203125 0.2638888888888889 0.81640625 0.2625 0.81171875 0.2513888888888889 0.81796875 0.22916666666666666 0.8203125 0.225 0.82578125 0.22361111111111112
0 0.425 0.09722222222222222 0.42890625 0.09583333333333334 0.434375 0.10138888888888889 0.44375 0.12916666666666668 0.446875 0.16111111111111112 0.4578125 0.23333333333333334 0.45703125 0.24305555555555555 0.4484375 0.25 0.44296875 0.24861111111111112 0.4359375 0.2361111111111111 0.42890625 0.24166666666666667 0.421875 0.24166666666666667 0.4171875 0.2361111111111111 0.4171875 0.19583333333333333 0.4078125 0.1736111111111111 0.40234375 0.14444444444444443 0.40546875 0.13055555555555556 0.41875 0.11666666666666667 0.42265625 0.10972222222222222 0.425 0.09861111111111111
0 0.45625 0.7416666666666667 0.471875 0.7583333333333333 0.471875 0.7763888888888889 0.4734375 0.7819444444444444 0.471875 0.7833333333333333 0.459375 0.7805555555555556 0.4515625 0.7736111111111111 0.446875 0.7652777777777777 0.446875 0.7472222222222222 0.44921875 0.7430555555555556 0.45546875 0.7416666666666667
0 0.5359375 0.7972222222222223 0.54296875 0.8013888888888889 0.54609375 0.8083333333333333 0.553125 0.8152777777777778 0.56015625 0.8305555555555556 0.55703125 0.8375 0.553125 0.8333333333333334 0.54765625 0.8347222222222223 0.5421875 0.85 0.53984375 0.8513888888888889 0.52578125 0.85 0.51640625 0.8055555555555556 0.51796875 0.7958333333333333 0.53359375 0.7944444444444444 0.53515625 0.7972222222222223
0 0.73359375 0.06388888888888888 0.73515625 0.06666666666666667 0.734375 0.07222222222222222 0.725 0.09722222222222222 0.7234375 0.10833333333333334 0.71875 0.1111111111111111 0.72265625 0.12222222222222222 0.71484375 0.12638888888888888 0.703125 0.125 0.70625 0.10833333333333334 0.72890625 0.06388888888888888 0.7328125 0.06388888888888888
0 0.11953125 0.925 0.12578125 0.9111111111111111 0.12734375 0.9125 0.12578125 0.9222222222222223 0.12265625 0.9263888888888889 0.1203125 0.925
0 0.4390625 0.7083333333333334 0.453125 0.7222222222222222 0.47265625 0.75 0.484375 0.7458333333333333 0.50546875 0.7569444444444444 0.521875 0.7611111111111111 0.52734375 0.7722222222222223 0.52109375 0.7833333333333333 0.5234375 0.7875 0.5296875 0.7902777777777777 0.53203125 0.7791666666666667 0.5421875 0.7861111111111111 0.55703125 0.7986111111111112 0.57578125 0.8277777777777777 0.58125 0.8319444444444445 0.584375 0.8305555555555556 0.60546875 0.8388888888888889 0.6125 0.8458333333333333 0.61796875 0.8569444444444444 0.646875 0.8791666666666667 0.6515625 0.8902777777777777 0.646875 0.8916666666666667 0.6453125 0.8972222222222223 0.640625 0.9013888888888889 0.640625 0.9125 0.63828125 0.9180555555555555 0.634375 0.9180555555555555 0.634375 0.9138888888888889 0.63203125 0.9138888888888889 0.63046875 0.9319444444444445 0.63359375 0.9347222222222222 0.64375 0.9347222222222222 0.63828125 0.95 0.63828125 0.9597222222222223 0.640625 0.9625 0.64765625 0.9625 0.63046875 0.9777777777777777 0.6109375 0.9888888888888889 0.61171875 0.9833333333333333 0.6203125 0.9763888888888889 0.61796875 0.9736111111111111 0.6125 0.9777777777777777 0.6015625 0.9666666666666667 0.59609375 0.9652777777777778 0.5875 0.9541666666666667 0.58515625 0.9472222222222222 0.58046875 0.9541666666666667 0.57421875 0.9375 0.5609375 0.9361111111111111 0.53515625 0.9222222222222223 0.53125 0.9111111111111111 0.5328125 0.8930555555555556 0.53984375 0.8888888888888888 0.55 0.8930555555555556 0.55234375 0.8902777777777777 0.5484375 0.8819444444444444 0.54921875 0.875 0.54296875 0.8527777777777777 0.53984375 0.8472222222222222 0.5328125 0.8486111111111111 0.5328125 0.8402777777777778 0.5296875 0.8347222222222223 0.52265625 0.8361111111111111 0.51875 0.8277777777777777 0.515625 0.8069444444444445 0.5171875 0.8 0.5109375 0.7888888888888889 0.515625 0.7861111111111111 0.51171875 0.7819444444444444 0.51484375 0.7819444444444444 0.51640625 0.7777777777777778 0.50859375 0.7666666666666667 0.5046875 0.7666666666666667 0.5015625 0.7583333333333333 0.4953125 0.7527777777777778 0.49140625 0.7555555555555555 0.48359375 0.7527777777777778 0.48046875 0.7625 0.4765625 0.7611111111111111 0.47421875 0.7638888888888888 0.47734375 0.7708333333333334 0.48125 0.7708333333333334 0.48203125 0.7805555555555556 0.48828125 0.7819444444444444 0.48203125 0.7833333333333333 0.4796875 0.7875 0.484375 0.7916666666666666 0.4953125 0.7916666666666666 0.5015625 0.7958333333333333 0.5015625 0.7986111111111112 0.49140625 0.7986111111111112 0.4828125 0.7930555555555555 0.46796875 0.7930555555555555 0.4640625 0.7847222222222222 0.4546875 0.7777777777777778 0.44921875 0.7680555555555556 0.446875 0.7486111111111111 0.45234375 0.7375 0.44375 0.7194444444444444 0.43828125 0.7152777777777778 0.43828125 0.7097222222222223
0 0.65703125 0.8944444444444445 0.66328125 0.8972222222222223 0.68515625 0.9194444444444444 0.70078125 0.9305555555555556 0.7140625 0.9347222222222222 0.72109375 0.9416666666666667 0.7265625 0.9541666666666667 0.734375 0.9611111111111111 0.73984375 0.9722222222222222 0.73828125 0.9805555555555555 0.73984375 0.9944444444444445 0.73515625 0.9958333333333333 0.71796875 0.9944444444444445 0.6953125 0.9694444444444444 0.65390625 0.9472222222222222 0.6421875 0.9361111111111111 0.63671875 0.9208333333333333 0.63359375 0.9222222222222223 0.63203125 0.9111111111111111 0.63671875 0.9111111111111111 0.6453125 0.8986111111111111 0.65625 0.8944444444444445
0 0.7640625 0.2375 0.76328125 0.23055555555555557 0.7703125 0.20833333333333334 0.7765625 0.20972222222222223 0.78046875 0.24027777777777778 0.77890625 0.24305555555555555 0.77109375 0.24305555555555555 0.76484375 0.2375
0 0.7625 0.24027777777777778 0.77265625 0.24583333333333332 0.8 0.24166666666666667 0.803125 0.25 0.81015625 0.2513888888888889 0.8125 0.25972222222222224 0.82578125 0.27361111111111114 0.871875 0.29305555555555557 0.875 0.29583333333333334 0.875 0.3 0.87109375 0.3055555555555556 0.8515625 0.3055555555555556 0.8484375 0.30972222222222223 0.84921875 0.31527777777777777 0.8453125 0.31527777777777777 0.8421875 0.30972222222222223 0.84140625 0.3013888888888889 0.8375 0.30277777777777776 0.8328125 0.2986111111111111 0.79296875 0.2861111111111111 0.74765625 0.2611111111111111 0.7515625 0.25 0.76171875 0.24027777777777778
0 0.3796875 0.9069444444444444 0.3921875 0.9236111111111112 0.4125 0.9375 0.4484375 0.9416666666666667 0.4484375 0.9458333333333333 0.44453125 0.9527777777777777 0.43125 0.9625 0.41953125 0.9638888888888889 0.4078125 0.9611111111111111 0.3953125 0.9527777777777777 0.3859375 0.9402777777777778 0.38125 0.9277777777777778 0.3796875 0.9083333333333333
0 0.4203125 0.06111111111111111 0.4375 0.0875 0.4453125 0.09305555555555556 0.45703125 0.1125 0.4625 0.12916666666666668 0.45703125 0.14027777777777778 0.45390625 0.14027777777777778 0.44765625 0.13333333333333333 0.4375 0.10972222222222222 0.42578125 0.09583333333333334 0.42109375 0.08611111111111111 0.4140625 0.06666666666666667 0.41640625 0.059722222222222225 0.41953125 0.06111111111111111
0 0.371875 0.08055555555555556 0.38046875 0.07916666666666666 0.390625 0.08333333333333333 0.3984375 0.09583333333333334 0.396875 0.10555555555555556 0.390625 0.10555555555555556 0.371875 0.08194444444444444
0 0.44296875 0.05555555555555555 0.45078125 0.06527777777777778 0.4828125 0.09166666666666666 0.4875 0.09166666666666666 0.50234375 0.08194444444444444 0.51875 0.07777777777777778 0.5578125 0.0763888888888889 0.60234375 0.09305555555555556 0.61640625 0.09583333333333334 0.62890625 0.09305555555555556 0.63203125 0.10694444444444444 0.64921875 0.125 0.665625 0.13472222222222222 0.6796875 0.1375 0.68359375 0.14166666666666666 0.6921875 0.14027777777777778 0.69921875 0.13333333333333333 0.70625 0.10833333333333334 0.72890625 0.06666666666666667 0.734375 0.06666666666666667 0.734375 0.07083333333333333 0.7375 0.07361111111111111 0.7296875 0.08888888888888889 0.734375 0.09444444444444444 0.74765625 0.08611111111111111 0.771875 0.058333333333333334 0.778125 0.058333333333333334 0.78125 0.06388888888888888 0.78125 0.06944444444444445 0.77890625 0.07361111111111111 0.75546875 0.09027777777777778 0.74921875 0.09861111111111111 0.746875 0.1125 0.74140625 0.11388888888888889 0.7390625 0.11805555555555555 0.74609375 0.12916666666666668 0.74453125 0.13333333333333333 0.7453125 0.14027777777777778 0.75078125 0.1486111111111111 0.759375 0.15555555555555556 0.76171875 0.16111111111111112 0.75 0.15694444444444444 0.73828125 0.14722222222222223 0.734375 0.14027777777777778 0.7125 0.14027777777777778 0.709375 0.1375 0.70625 0.1388888888888889 0.70546875 0.14444444444444443 0.71015625 0.14444444444444443 0.71796875 0.15138888888888888 0.71015625 0.15833333333333333 0.71328125 0.16111111111111112 0.709375 0.1638888888888889 0.70859375 0.18055555555555555 0.71640625 0.18472222222222223 0.7203125 0.19583333333333333 0.73125 0.1986111111111111 0.7375 0.19444444444444445 0.740625 0.1986111111111111 0.740625 0.20416666666666666 0.74453125 0.20555555555555555 0.7421875 0.20972222222222223 0.74921875 0.21944444444444444 0.746875 0.2222222222222222 0.74765625 0.225 0.76484375 0.2222222222222222 0.7671875 0.23055555555555557 0.76171875 0.2361111111111111 0.7640625 0.24444444444444444 0.775 0.24722222222222223 0.7828125 0.25555555555555554 0.80703125 0.25416666666666665 0.81328125 0.2611111111111111 0.82734375 0.26805555555555555 0.8375 0.2791666666666667 0.84375 0.2791666666666667 0.85 0.2847222222222222 0.86328125 0.2847222222222222 0.865625 0.2902777777777778 0.87109375 0.29444444444444445 0.87109375 0.30277777777777776 0.86953125 0.3055555555555556 0.85078125 0.30694444444444446 0.8484375 0.30972222222222223 0.8484375 0.31527777777777777 0.8421875 0.30694444444444446 0.8421875 0.3013888888888889 0.83828125 0.30277777777777776 0.83125 0.2972222222222222 0.81328125 0.29305555555555557 0.78984375 0.28055555555555556 0.78359375 0.28055555555555556 0.78203125 0.2833333333333333 0.78671875 0.29444444444444445 0.7859375 0.3055555555555556 0.7765625 0.2972222222222222 0.76015625 0.26805555555555555 0.740625 0.2625 0.72890625 0.25416666666666665 0.70859375 0.25416666666666665 0.68984375 0.2375 0.68359375 0.24722222222222223 0.68359375 0.26805555555555555 0.68203125 0.2722222222222222 0.68046875 0.25972222222222224 0.6703125 0.24444444444444444 0.6671875 0.23194444444444445 0.66328125 0.225 0.65390625 0.2222222222222222 0.64921875 0.20555555555555555 0.640625 0.19583333333333333 0.6 0.18472222222222223 0.58828125 0.18472222222222223 0.578125 0.19166666666666668 0.5703125 0.19166666666666668 0.5671875 0.19027777777777777 0.5578125 0.17083333333333334 0.54765625 0.17083333333333334 0.5421875 0.18333333333333332 0.53828125 0.18472222222222223 0.53515625 0.16944444444444445 0.52578125 0.15138888888888888 0.525 0.15694444444444444 0.521875 0.16111111111111112 0.51171875 0.15555555555555556 0.49765625 0.15416666666666667 0.48984375 0.14722222222222223 0.4625 0.14444444444444443 0.459375 0.14027777777777778 0.453125 0.14027777777777778 0.44375 0.12916666666666668 0.4375 0.10833333333333334 0.425 0.0875 0.421875 0.08611111111111111 0.415625 0.06944444444444445 0.415625 0.06527777777777778 0.4203125 0.06527777777777778 0.42734375 0.0763888888888889 0.43515625 0.08194444444444444 0.44375 0.0763888888888889 0.44375 0.07222222222222222 0.43828125 0.06388888888888888 0.43828125 0.059722222222222225 0.4421875 0.05555555555555555
0 0.659375 0.8944444444444445 0.6859375 0.9208333333333333 0.71015625 0.9361111111111111 0.71328125 0.9458333333333333 0.71171875 0.9541666666666667 0.7125 0.9638888888888889 0.71015625 0.9680555555555556 0.70234375 0.9569444444444445 0.696875 0.9625 0.68828125 0.9638888888888889 0.6703125 0.9527777777777777 0.65625 0.9486111111111111 0.640625 0.9347222222222222 0.6375 0.9347222222222222 0.63984375 0.9333333333333333 0.63828125 0.925 0.6328125 0.9180555555555555 0.63203125 0.9111111111111111 0.6421875 0.8986111111111111 0.65234375 0.8930555555555556 0.65859375 0.8944444444444445
0 0.434375 0.9875 0.43203125 0.9986111111111111 0.415625 0.9986111111111111 0.415625 0.9958333333333333 0.42109375 0.9888888888888889 0.43359375 0.9875
0 0.3796875 0.6833333333333333 0.40078125 0.6916666666666667 0.41640625 0.7055555555555556 0.41953125 0.7166666666666667 0.41953125 0.7236111111111111 0.4109375 0.7319444444444444 0.4015625 0.7305555555555555 0.375 0.7111111111111111 0.371875 0.7041666666666667 0.371875 0.6972222222222222 0.37421875 0.6861111111111111 0.37890625 0.6833333333333333
0 0.5359375 0.14444444444444443 0.5390625 0.1486111111111111 0.5453125 0.15 0.55 0.16111111111111112 0.553125 0.16111111111111112 0.5546875 0.16527777777777777 0.54765625 0.17083333333333334 0.54140625 0.18888888888888888 0.5359375 0.18611111111111112 0.534375 0.17222222222222222 0.528125 0.15416666666666667 0.52890625 0.14583333333333334 0.53515625 0.14444444444444443
0 0.221484375 0.8409722222222222 0.01953125 0.08472222222222223
0 0.51875 0.26666666666666666 0.51875 0.2722222222222222 0.521875 0.27361111111111114 0.52578125 0.29305555555555557 0.52578125 0.3194444444444444 0.5234375 0.33194444444444443 0.51796875 0.3375 0.51484375 0.3333333333333333 0.51328125 0.3236111111111111 0.51328125 0.2902777777777778 0.51484375 0.28055555555555556 0.51875 0.2722222222222222 0.51796875 0.26805555555555555
0 0.1859375 0.7291666666666666 0.1890625 0.7333333333333333 0.1828125 0.7652777777777777 0.175 0.7763888888888889 0.16484375 0.7680555555555556 0.1625 0.7583333333333333 0.17109375 0.7388888888888889 0.18515625 0.7291666666666666
0 0.5671875 0.07916666666666666 0.61953125 0.09861111111111111 0.6265625 0.09583333333333334 0.63046875 0.10694444444444444 0.64921875 0.12638888888888888 0.67265625 0.1388888888888889 0.66796875 0.14305555555555555 0.65078125 0.1388888888888889 0.63515625 0.12361111111111112 0.62734375 0.11944444444444445 0.61953125 0.12083333333333333 0.61640625 0.11666666666666667 0.61328125 0.11944444444444445 0.5828125 0.12361111111111112 0.5671875 0.12916666666666668 0.5578125 0.1361111111111111 0.54609375 0.1388888888888889 0.540625 0.13333333333333333 0.54375 0.13055555555555556 0.55078125 0.12916666666666668 0.56484375 0.11527777777777778 0.57265625 0.11527777777777778 0.59140625 0.10555555555555556 0.59296875 0.1 0.57734375 0.09583333333333334 0.571875 0.09027777777777778 0.559375 0.08472222222222223 0.540625 0.08333333333333333 0.5140625 0.08472222222222223 0.50078125 0.09027777777777778 0.49453125 0.09861111111111111 0.48671875 0.09444444444444444 0.49453125 0.08611111111111111 0.51796875 0.07777777777777778 0.55546875 0.0763888888888889 0.56640625 0.07916666666666666
0 0.421875 0.7055555555555556 0.43671875 0.7333333333333333 0.4453125 0.7555555555555555 0.446875 0.7666666666666667 0.45078125 0.7763888888888889 0.45 0.7819444444444444 0.44609375 0.7847222222222222 0.4390625 0.7722222222222223 0.4296875 0.7416666666666667 0.42265625 0.7305555555555555 0.41953125 0.7125 0.41953125 0.7069444444444445 0.42109375 0.7055555555555556
0 0.33125 0.9291666666666667 0.334375 0.9347222222222222 0.3359375 0.9291666666666667 0.33828125 0.9291666666666667 0.340625 0.9347222222222222 0.34921875 0.9402777777777778 0.36015625 0.9569444444444445 0.37578125 0.9888888888888889 0.38359375 0.9986111111111111 0.3640625 0.9986111111111111 0.36171875 0.9958333333333333 0.3484375 0.9944444444444445 0.34921875 0.9888888888888889 0.346875 0.9847222222222223 0.340625 0.9777777777777777 0.334375 0.9652777777777778 0.33125 0.9638888888888889 0.328125 0.9666666666666667 0.3234375 0.9541666666666667 0.32421875 0.9458333333333333 0.32734375 0.9430555555555555 0.33125 0.9305555555555556
0 0.5875 0.9986111111111111 0.590625 0.9930555555555556 0.6203125 0.9777777777777777 0.63515625 0.9638888888888889 0.64375 0.9597222222222223 0.64921875 0.9597222222222223 0.6484375 0.9652777777777778 0.6203125 0.9847222222222223 0.6140625 0.9930555555555556 0.60859375 0.9930555555555556 0.6015625 0.9986111111111111 0.58828125 0.9986111111111111
0 0.23515625 0.6347222222222222 0.24296875 0.6444444444444445 0.24765625 0.6583333333333333 0.25 0.675 0.25 0.6902777777777778 0.24765625 0.6930555555555555 0.23984375 0.6847222222222222 0.23046875 0.6583333333333333 0.228125 0.6388888888888888 0.23046875 0.6347222222222222 0.234375 0.6347222222222222
0 0.55 0.14305555555555555 0.55546875 0.14166666666666666 0.55859375 0.14444444444444443 0.575 0.1875 0.575 0.19166666666666668 0.57109375 0.19583333333333333 0.5671875 0.19305555555555556 0.55 0.14444444444444443
0 0.171875 0.8763888888888889 0.1796875 0.8902777777777777 0.184375 0.9388888888888889 0.18359375 0.95 0.17734375 0.9555555555555556 0.171875 0.9527777777777777 0.16875 0.9444444444444444 0.165625 0.9125 0.16484375 0.8972222222222223 0.16796875 0.8875 0.16796875 0.8791666666666667 0.17109375 0.8763888888888889
0 0.44375 0.9541666666666667 0.44453125 0.9694444444444444 0.4546875 0.9916666666666667 0.4546875 0.9986111111111111 0.44765625 0.9986111111111111 0.43828125 0.9847222222222223 0.43359375 0.9597222222222223 0.44296875 0.9541666666666667
0 0.30078125 0.7611111111111111 0.30546875 0.7652777777777777 0.30390625 0.7763888888888889 0.2984375 0.7763888888888889 0.2953125 0.7722222222222223 0.29453125 0.7638888888888888 0.3 0.7611111111111111
0 0.55859375 0.31666666666666665 0.56015625 0.31805555555555554 0.56015625 0.3388888888888889 0.55859375 0.34444444444444444 0.5578125 0.4083333333333333 0.55390625 0.425 0.5484375 0.43194444444444446 0.546875 0.4486111111111111 0.5453125 0.44722222222222224 0.5453125 0.43472222222222223 0.54765625 0.41944444444444445 0.55 0.3402777777777778 0.553125 0.32222222222222224 0.55546875 0.31666666666666665 0.5578125 0.31666666666666665
0 0.8 0.2375 0.80390625 0.2388888888888889 0.815625 0.2611111111111111 0.82109375 0.2638888888888889 0.83125 0.2777777777777778 0.853125 0.31805555555555554 0.86328125 0.3486111111111111 0.8625 0.35833333333333334 0.84609375 0.31805555555555554 0.81484375 0.2652777777777778 0.8015625 0.25 0.8 0.2388888888888889
0 0.51171875 0.8013888888888889 0.51796875 0.8166666666666667 0.5234375 0.8444444444444444 0.52421875 0.8583333333333333 0.51953125 0.8638888888888889 0.5109375 0.8625 0.503125 0.8513888888888889 0.490625 0.8027777777777778 0.49140625 0.7986111111111112 0.5078125 0.7986111111111112 0.5109375 0.8013888888888889
0 0.73203125 0.06388888888888888 0.73515625 0.06666666666666667 0.734375 0.07777777777777778 0.72890625 0.0875 0.728125 0.09861111111111111 0.72578125 0.10416666666666667 0.7375 0.10277777777777777 0.73515625 0.10833333333333334 0.7296875 0.1111111111111111 0.72890625 0.11527777777777778 0.74140625 0.1375 0.759375 0.15694444444444444 0.75859375 0.16111111111111112 0.73828125 0.14583333333333334 0.7328125 0.1375 0.72265625 0.1361111111111111 0.72421875 0.13055555555555556 0.7203125 0.12638888888888888 0.7015625 0.1361111111111111 0.70859375 0.10416666666666667 0.73125 0.06388888888888888
0 0.66171875 0.9 0.67421875 0.9111111111111111 0.6765625 0.925 0.67578125 0.9333333333333333 0.665625 0.9430555555555555 0.66328125 0.9486111111111111 0.646875 0.9388888888888889 0.6421875 0.9305555555555556 0.63984375 0.9180555555555555 0.64453125 0.9 0.65078125 0.8972222222222223 0.6609375 0.9
0 0.3140625 0.6736111111111112 0.3140625 0.6625 0.31796875 0.6569444444444444 0.32421875 0.6583333333333333 0.32578125 0.6680555555555555 0.32109375 0.6763888888888889 0.31484375 0.6736111111111112
0 0.1078125 0.8791666666666667 0.1109375 0.8847222222222222 0.1109375 0.8888888888888888 0.10546875 0.9083333333333333 0.08671875 0.9375 0.08125 0.9347222222222222 0.08125 0.9305555555555556 0.08671875 0.9166666666666666 0.09453125 0.8861111111111111 0.1 0.8763888888888889 0.10703125 0.8791666666666667
0 0.303125 0.7736111111111111 0.30859375 0.7861111111111111 0.31484375 0.7916666666666666 0.3234375 0.7958333333333333 0.35 0.8 0.35546875 0.8027777777777778 0.35546875 0.8055555555555556 0.32421875 0.8027777777777778 0.29453125 0.7861111111111111 0.27421875 0.7875 0.259375 0.7944444444444444 0.23515625 0.7944444444444444 0.196875 0.8138888888888889 0.14140625 0.8486111111111111 0.13984375 0.8444444444444444 0.146875 0.8361111111111111 0.21953125 0.7916666666666666 0.2484375 0.7805555555555556 0.27734375 0.7805555555555556 0.30234375 0.7736111111111111
0 0.3796875 0.05138888888888889 0.4015625 0.06388888888888888 0.4125 0.06666666666666667 0.41875 0.08333333333333333 0.41875 0.09444444444444444 0.415625 0.1 0.39921875 0.09722222222222222 0.390625 0.08472222222222223 0.3828125 0.08055555555555556 0.37265625 0.08194444444444444 0.3609375 0.07361111111111111 0.3609375 0.06111111111111111 0.3625 0.05694444444444444 0.37890625 0.05138888888888889
0 0.4890625 0.7458333333333333 0.52265625 0.7611111111111111 0.5296875 0.7736111111111111 0.5328125 0.775 0.534375 0.7805555555555556 0.534375 0.7847222222222222 0.52890625 0.7902777777777777 0.51015625 0.7902777777777777 0.475 0.7819444444444444 0.47265625 0.7763888888888889 0.47265625 0.7680555555555556 0.47578125 0.7486111111111111 0.48046875 0.7444444444444445 0.48828125 0.7458333333333333
0 0.5796875 0.8305555555555556 0.5875 0.8305555555555556 0.6046875 0.8375 0.61015625 0.8416666666666667 0.6125 0.8472222222222222 0.6109375 0.85 0.5921875 0.8472222222222222 0.5921875 0.8541666666666666 0.58828125 0.8541666666666666 0.58828125 0.8472222222222222 0.5796875 0.8319444444444445
0 0.2234375 0.7125 0.2328125 0.7194444444444444 0.23828125 0.7333333333333333 0.23984375 0.7416666666666667 0.2375 0.7652777777777777 0.23359375 0.775 0.221875 0.7875 0.203125 0.7972222222222223 0.19140625 0.7777777777777778 0.19140625 0.7375 0.19921875 0.7236111111111111 0.215625 0.7125 0.22265625 0.7125
0 0.425 0.7375 0.428125 0.7402777777777778 0.4328125 0.7611111111111111 0.43046875 0.8 0.4328125 0.8097222222222222 0.43984375 0.8236111111111111 0.440625 0.8305555555555556 0.4375 0.8319444444444445 0.43203125 0.8430555555555556 0.421875 0.8416666666666667 0.41640625 0.8305555555555556 0.4171875 0.8125 0.40546875 0.7902777777777777 0.40546875 0.7833333333333333 0.42109375 0.7541666666666667 0.42421875 0.7388888888888889
0 0.328125 0.03194444444444444 0.3375 0.03888888888888889 0.3578125 0.04583333333333333 0.3609375 0.05138888888888889 0.3609375 0.0625 0.359375 0.07361111111111111 0.35625 0.0763888888888889 0.34453125 0.075 0.3171875 0.06111111111111111 0.31015625 0.04861111111111111 0.31015625 0.04027777777777778 0.3140625 0.03611111111111111 0.32734375 0.03194444444444444
0 0.29453125 0.6333333333333333 0.30078125 0.6347222222222222 0.30234375 0.6388888888888888 0.3 0.6430555555555556 0.29609375 0.6430555555555556 0.29375 0.6375 0.29453125 0.6347222222222222
0 0.33046875 0.6986111111111111 0.359375 0.7208333333333333 0.36015625 0.7347222222222223 0.35625 0.7402777777777778 0.33828125 0.7319444444444444 0.33125 0.7319444444444444 0.3265625 0.7277777777777777 0.3234375 0.7180555555555556 0.3234375 0.7055555555555556 0.32578125 0.7 0.3296875 0.6986111111111111
0 0.53203125 0.9777777777777777 0.5328125 0.9541666666666667 0.5390625 0.9361111111111111 0.54765625 0.9472222222222222 0.55 0.9958333333333333 0.5453125 0.9944444444444445 0.546875 0.9875 0.54296875 0.975 0.5390625 0.9736111111111111 0.53671875 0.9777777777777777 0.5328125 0.9777777777777777
0 0.7421875 0.17777777777777778 0.74921875 0.18472222222222223 0.75703125 0.2 0.765625 0.20555555555555555 0.7671875 0.21666666666666667 0.765625 0.22361111111111112 0.75859375 0.23055555555555557 0.7453125 0.25833333333333336 0.7390625 0.2625 0.73359375 0.2611111111111111 0.7265625 0.25416666666666665 0.71796875 0.2569444444444444 0.70625 0.25555555555555554 0.6953125 0.24583333333333332 0.69140625 0.22916666666666666 0.69609375 0.21805555555555556 0.70546875 0.20972222222222223 0.71015625 0.19444444444444445 0.71171875 0.18055555555555555 0.715625 0.17777777777777778 0.74140625 0.17777777777777778
0 0.32421875 0.8583333333333333 0.33046875 0.8611111111111112 0.33125 0.8652777777777778 0.3203125 0.8652777777777778 0.31796875 0.8611111111111112 0.3234375 0.8583333333333333
0 0.53984375 0.7875 0.55078125 0.7930555555555555 0.55703125 0.8 0.56875 0.8194444444444444 0.59140625 0.8458333333333333 0.59375 0.8555555555555555 0.584375 0.8527777777777777 0.5828125 0.8555555555555555 0.5828125 0.8666666666666667 0.58125 0.8708333333333333 0.57890625 0.8694444444444445 0.57578125 0.8541666666666666 0.5640625 0.8263888888888888 0.55390625 0.8097222222222222 0.5421875 0.7972222222222223 0.5390625 0.7888888888888889
0 0.2484375 0.5888888888888889 0.2578125 0.5958333333333333 0.26015625 0.6166666666666667 0.259375 0.6194444444444445 0.24140625 0.6208333333333333 0.2375 0.6166666666666667 0.2375 0.6083333333333333 0.2421875 0.5930555555555556 0.24765625 0.5888888888888889
0 0.68046875 0.14583333333333334 0.690625 0.15555555555555556 0.69375 0.17777777777777778 0.68984375 0.18888888888888888 0.684375 0.18888888888888888 0.67578125 0.18194444444444444 0.66484375 0.16666666666666666 0.66484375 0.1597222222222222 0.67109375 0.14305555555555555 0.6796875 0.14583333333333334
0 0.77890625 0.058333333333333334 0.7828125 0.06666666666666667 0.77890625 0.07361111111111111 0.75859375 0.08611111111111111 0.74609375 0.10277777777777777 0.7359375 0.10972222222222222 0.73203125 0.11527777777777778 0.73046875 0.12777777777777777 0.72734375 0.12361111111111112 0.71953125 0.125 0.71015625 0.1361111111111111 0.69609375 0.14583333333333334 0.69140625 0.14444444444444443 0.70390625 0.12777777777777777 0.709375 0.11527777777777778 0.7140625 0.11388888888888889 0.71640625 0.10555555555555556 0.7265625 0.10694444444444444 0.76875 0.06111111111111111 0.775 0.05694444444444444 0.778125 0.058333333333333334
0 0.19765625 0.7138888888888889 0.19921875 0.7194444444444444 0.19140625 0.7319444444444444 0.1828125 0.7666666666666667 0.175 0.7763888888888889 0.16796875 0.7722222222222223 0.16328125 0.7638888888888888 0.1640625 0.7527777777777778 0.1734375 0.7361111111111112 0.1859375 0.725 0.1921875 0.7152777777777778 0.196875 0.7138888888888889
0 0.446875 0.058333333333333334 0.4515625 0.06527777777777778 0.49921875 0.10694444444444444 0.51171875 0.12083333333333333 0.51171875 0.125 0.50078125 0.12361111111111112 0.46953125 0.09305555555555556 0.45078125 0.08055555555555556 0.43828125 0.06388888888888888 0.4390625 0.05555555555555555 0.44609375 0.058333333333333334
0 0.584375 0.8805555555555555 0.59296875 0.8902777777777777 0.596875 0.9041666666666667 0.59375 0.9138888888888889 0.5953125 0.9208333333333333 0.590625 0.925 0.590625 0.9319444444444445 0.5953125 0.9347222222222222 0.59765625 0.9319444444444445 0.5953125 0.9277777777777778 0.5984375 0.9277777777777778 0.6125 0.9652777777777778 0.609375 0.9708333333333333 0.6046875 0.9680555555555556 0.5953125 0.9361111111111111 0.58828125 0.9361111111111111 0.58125 0.9305555555555556 0.58125 0.9194444444444444 0.5875 0.9083333333333333 0.58671875 0.8888888888888888 0.584375 0.8819444444444444
0 0.4390625 0.7069444444444445 0.45234375 0.7194444444444444 0.46953125 0.7444444444444445 0.4734375 0.7513888888888889 0.4734375 0.7569444444444444 0.46953125 0.7625 0.465625 0.7527777777777778 0.45703125 0.7458333333333333 0.45 0.7305555555555555 0.4375 0.7138888888888889 0.43828125 0.7083333333333334
0 0.53046875 0.7763888888888889 0.53671875 0.7847222222222222 0.55703125 0.8 0.56640625 0.8166666666666667 0.58515625 0.8402777777777778 0.58671875 0.8333333333333334 0.59453125 0.8347222222222223 0.6078125 0.8416666666666667 0.6125 0.8486111111111111 0.6125 0.8527777777777777 0.60546875 0.8555555555555555 0.59140625 0.8402777777777778 0.590625 0.8444444444444444 0.59296875 0.8486111111111111 0.59296875 0.8555555555555555 0.58828125 0.8555555555555555 0.58203125 0.8486111111111111 0.578125 0.8541666666666666 0.571875 0.8430555555555556 0.5640625 0.8430555555555556 0.5609375 0.85 0.5609375 0.8555555555555555 0.56796875 0.8722222222222222 0.5609375 0.8833333333333333 0.5625 0.8861111111111111 0.56171875 0.8930555555555556 0.5578125 0.8944444444444445 0.55 0.8833333333333333 0.553125 0.8791666666666667 0.553125 0.8722222222222222 0.55 0.8638888888888889 0.546875 0.8652777777777778 0.546875 0.8597222222222223 0.54296875 0.85 0.53203125 0.8486111111111111 0.53203125 0.8416666666666667 0.52890625 0.8361111111111111 0.52578125 0.8430555555555556 0.5203125 0.8277777777777777 0.5171875 0.8069444444444445 0.51796875 0.8 0.5140625 0.7930555555555555 0.5296875 0.7902777777777777 0.53125 0.7875 0.53046875 0.7777777777777778
0 0.43125 0.9597222222222223 0.44609375 0.9472222222222222 0.44453125 0.9680555555555556 0.4546875 0.9916666666666667 0.45390625 0.9986111111111111 0.4453125 0.9986111111111111 0.440625 0.9930555555555556 0.43125 0.9986111111111111 0.42421875 0.9958333333333333 0.41796875 0.9986111111111111 0.4171875 0.9930555555555556 0.428125 0.9888888888888889 0.43671875 0.9805555555555555 0.43515625 0.9680555555555556 0.43203125 0.9597222222222223
0 0.24765625 0.7291666666666666 0.25234375 0.7333333333333333 0.25234375 0.7402777777777778 0.246875 0.7444444444444445 0.24296875 0.7444444444444445 0.240625 0.7388888888888889 0.24140625 0.7305555555555555 0.246875 0.7291666666666666
0 0.26484375 0.7388888888888889 0.26640625 0.7402777777777778 0.265625 0.75 0.26328125 0.7541666666666667 0.26484375 0.7569444444444444 0.28046875 0.7472222222222222 0.28984375 0.7375 0.29453125 0.7388888888888889 0.2875 0.7486111111111111 0.2640625 0.7666666666666667 0.25 0.7819444444444444 0.24765625 0.7791666666666667 0.2578125 0.7625 0.26484375 0.7402777777777778
0 0.3375 0.925 0.34375 0.9388888888888889 0.33515625 0.9666666666666667 0.328125 0.9666666666666667 0.32578125 0.9638888888888889 0.321875 0.95 0.33125 0.9263888888888889 0.33359375 0.9236111111111112 0.33671875 0.925
0 0.27890625 0.9652777777777778 0.28125 0.9680555555555556 0.28046875 0.9763888888888889 0.27734375 0.9763888888888889 0.278125 0.9666666666666667