0 0.62265625 0.4527777777777778 0.6046875 0.45694444444444443 0.6078125 0.4666666666666667 0.62265625 0.475 0.62578125 0.4861111111111111 0.64765625 0.5041666666666667 0.6828125 0.5152777777777777 0.71015625 0.5319444444444444 0.72890625 0.5486111111111112 0.74609375 0.5805555555555556 0.75546875 0.5847222222222223 0.721875 0.5222222222222223 0.721875 0.5083333333333333 0.72734375 0.5013888888888889 0.703125 0.5069444444444444 0.69609375 0.49722222222222223 0.690625 0.4986111111111111 0.65546875 0.475 0.65390625 0.46944444444444444
0 0.246875 0.29583333333333334 0.2484375 0.30277777777777776 0.2546875 0.30694444444444446 0.2796875 0.31666666666666665 0.29296875 0.3375 0.2875 0.3458333333333333 0.2890625 0.3486111111111111 0.27734375 0.3611111111111111 0.23359375 0.3819444444444444 0.25546875 0.38472222222222224 0.26171875 0.39861111111111114 0.26875 0.4041666666666667 0.2828125 0.40694444444444444 0.375 0.3680555555555556 0.38671875 0.37083333333333335 0.39296875 0.3625 0.40078125 0.3611111111111111 0.4109375 0.39305555555555555 0.40859375 0.4111111111111111 0.36484375 0.4736111111111111 0.3578125 0.5013888888888889 0.35859375 0.5083333333333333 0.3640625 0.5013888888888889 0.3828125 0.5291666666666667 0.38125 0.5388888888888889 0.3875 0.5430555555555555 0.4015625 0.5402777777777777 0.44296875 0.5166666666666667 0.4671875 0.4930555555555556 0.51953125 0.4583333333333333 0.61484375 0.4375 0.63828125 0.42777777777777776 0.7015625 0.41805555555555557 0.7484375 0.4222222222222222 0.7546875 0.41388888888888886 0.7546875 0.4027777777777778 0.7484375 0.39305555555555555 0.6984375 0.39166666666666666 0.6921875 0.3597222222222222 0.67265625 0.3486111111111111 0.65703125 0.35138888888888886 0.653125 0.3416666666666667 0.63671875 0.32916666666666666 0.6015625 0.3263888888888889 0.54921875 0.30972222222222223 0.54453125 0.3055555555555556 0.54453125 0.29444444444444445 0.5671875 0.2777777777777778 0.56640625 0.26666666666666666 0.56015625 0.25833333333333336 0.553125 0.25833333333333336 0.52578125 0.2875 0.50390625 0.2847222222222222 0.49765625 0.2916666666666667 0.45390625 0.29583333333333334 0.440625 0.28888888888888886 0.4109375 0.29305555555555557 0.40078125 0.2861111111111111 0.38671875 0.29305555555555557 0.375 0.2847222222222222 0.296875 0.30694444444444446
0 0.19140625 0.6236111111111111 0.19140625 0.6361111111111111 0.19765625 0.6541666666666667 0.203125 0.6638888888888889 0.20703125 0.6638888888888889 0.2703125 0.6013888888888889 0.27421875 0.5902777777777778 0.2734375 0.5819444444444445 0.28984375 0.5736111111111111 0.29375 0.5597222222222222 0.28671875 0.5458333333333333 0.26640625 0.5513888888888889 0.2546875 0.5638888888888889 0.25390625 0.5777777777777777 0.22890625 0.5847222222222223
0 0.10859375 0.6669583333333333 0.1734375 0.4705972222222222
0 0.47109375 0.8513888888888889 0.4703125 0.8736111111111111 0.4734375 0.8833333333333333 0.4921875 0.8875 0.50078125 0.9 0.56796875 0.9 0.57265625 0.8791666666666667 0.56796875 0.875 0.57109375 0.8652777777777778 0.56953125 0.8597222222222223 0.509375 0.8319444444444445 0.49921875 0.8194444444444444 0.48671875 0.8194444444444444 0.4765625 0.8291666666666667
0 0.56484375 0.7791666666666667 0.56796875 0.8152777777777778 0.5734375 0.8277777777777777 0.5828125 0.8319444444444445 0.58515625 0.8444444444444444 0.5921875 0.8416666666666667 0.5984375 0.8541666666666666 0.603125 0.8486111111111111 0.609375 0.85 0.61328125 0.8583333333333333 0.6125 0.8722222222222222 0.66171875 0.8805555555555555 0.6703125 0.8680555555555556 0.6703125 0.8527777777777777 0.66328125 0.8458333333333333 0.65234375 0.8180555555555555 0.58984375 0.7625 0.5765625 0.7611111111111111
0 0.759375 0.9236111111111112 0.75859375 0.9569444444444445 0.7609375 0.9666666666666667 0.77265625 0.9736111111111111 0.85546875 0.9791666666666666 0.87109375 0.9625 0.88515625 0.9583333333333334 0.8875 0.95 0.88359375 0.9333333333333333 0.86796875 0.925 0.859375 0.9097222222222222 0.84921875 0.9069444444444444 0.76953125 0.9 0.7609375 0.9055555555555556
0 0.12578125 0.8930555555555556 0.12265625 0.9027777777777778 0.1265625 0.9333333333333333 0.12578125 0.9541666666666667 0.13671875 0.9652777777777778 0.2203125 0.9375 0.26015625 0.9013888888888889 0.2625 0.8902777777777777 0.25703125 0.8736111111111111 0.247265625 0.875 0.23359375 0.8625 0.21953125 0.8611111111111112 0.1421875 0.8833333333333333
0 0.85234375 0.8486111111111111 0.846875 0.85 0.87265625 0.8694444444444445 0.87734375 0.8666666666666667
0 0.44765625 0.75 0.4453125 0.7513888888888889 0.4703125 0.7722222222222223 0.503125 0.7861111111111111
0 0.1921875 0.48333333333333334 0.1890625 0.4847222222222222 0.2 0.5027777777777778 0.20859375 0.5083333333333333 0.2296875 0.5430555555555555 0.234375 0.5430555555555555 0.20625 0.49722222222222223
0 0.51171875 0.7916666666666666 0.51328125 0.7972222222222223 0.5359375 0.8083333333333333 0.553125 0.8125 0.5671875 0.8083333333333333
0 0.296875 0.5916666666666667 0.296875 0.6027777777777777 0.30546875 0.6027777777777777 0.36484375 0.6458333333333334 0.4203125 0.6722222222222223 0.4515625 0.6805555555555556 0.46015625 0.6777777777777778 0.45 0.6680555555555555 0.3828125 0.6430555555555556 0.3 0.5833333333333334
0 0.61640625 0.8597222222222223 0.640625 0.8638888888888889 0.6515625 0.8708333333333333 0.68046875 0.9194444444444444 0.68671875 0.9416666666666667 0.68671875 0.9680555555555556 0.68125 0.9888888888888889 0.6765625 0.9986111111111111 0.62421875 0.9986111111111111 0.60390625 0.9875 0.57265625 0.9819444444444444 0.5390625 0.9708333333333333 0.52421875 0.9625 0.51171875 0.9486111111111111 0.509375 0.9402777777777778 0.509375 0.9263888888888889 0.5109375 0.9194444444444444 0.51796875 0.9097222222222222 0.528125 0.9097222222222222 0.5359375 0.9180555555555555 0.54921875 0.925 0.5546875 0.9125 0.57421875 0.8847222222222222 0.5828125 0.8625 0.59140625 0.8569444444444444 0.615625 0.8597222222222223