0 0.28203125 0.8222222222222222 0.2890625 0.8222222222222222 0.29609375 0.8305555555555556 0.3109375 0.8277777777777777 0.309375 0.8305555555555556 0.29765625 0.8305555555555556 0.29609375 0.8333333333333334 0.29921875 0.8402777777777778 0.30625 0.8458333333333333 0.30078125 0.8458333333333333 0.28828125 0.8333333333333334 0.25859375 0.8361111111111111 0.25078125 0.8430555555555556 0.2390625 0.8458333333333333 0.21640625 0.8458333333333333 0.17734375 0.8666666666666667 0.13046875 0.9013888888888889 0.1234375 0.9013888888888889 0.12578125 0.8958333333333334 0.13203125 0.8902777777777777 0.1546875 0.8763888888888889 0.17109375 0.8625 0.21875 0.8347222222222223 0.28203125 0.8236111111111111
0 0.61484375 0.6402777777777777 0.61953125 0.6430555555555556 0.628125 0.6555555555555556 0.640625 0.6638888888888889 0.646875 0.6791666666666667 0.6484375 0.6958333333333333 0.6515625 0.7069444444444445 0.6515625 0.7180555555555556 0.63671875 0.7319444444444444 0.62265625 0.7194444444444444 0.61953125 0.7041666666666667 0.6125 0.6888888888888889 0.61015625 0.6777777777777778 0.60625 0.6722222222222223 0.5984375 0.6680555555555555 0.596875 0.6638888888888889 0.59609375 0.65 0.5984375 0.6430555555555556 0.60234375 0.6402777777777777 0.6140625 0.6402777777777777
0 0.2703125 0.7611111111111111 0.27421875 0.7680555555555556 0.2734375 0.7736111111111111 0.2703125 0.7777777777777778 0.26640625 0.7777777777777778 0.26171875 0.7722222222222223 0.26171875 0.7666666666666667 0.26484375 0.7597222222222222 0.26953125 0.7611111111111111
0 0.19921875 0.9555555555555556 0.20625 0.9666666666666667 0.2 0.9819444444444444 0.19140625 0.9805555555555555 0.1875 0.975 0.1921875 0.9583333333333334 0.1984375 0.9555555555555556
0 0.48828125 0.5305555555555556 0.50078125 0.5375 0.51015625 0.5388888888888889 0.52109375 0.5458333333333333 0.52578125 0.5527777777777778 0.53515625 0.5569444444444445 0.5375 0.5625 0.53671875 0.5680555555555555 0.51796875 0.5763888888888888 0.4734375 0.5680555555555555 0.46796875 0.5638888888888889 0.46484375 0.5555555555555556 0.4640625 0.5458333333333333 0.4640625 0.5375 0.46640625 0.5319444444444444 0.47265625 0.5277777777777778 0.4875 0.5305555555555556
0 0.52734375 0.95 0.553125 0.9513888888888888 0.559375 0.9569444444444445 0.5625 0.9652777777777778 0.55 0.9791666666666666 0.54140625 0.9777777777777777 0.5203125 0.9847222222222223 0.51171875 0.9819444444444444 0.51328125 0.9555555555555556 0.51796875 0.95 0.5265625 0.95
0 0.40390625 0.6861111111111111 0.4 0.6833333333333333 0.39375 0.6666666666666666 0.38984375 0.6333333333333333 0.38671875 0.6236111111111111 0.3859375 0.6027777777777777 0.38203125 0.5888888888888889 0.3859375 0.5694444444444444 0.39921875 0.5472222222222223 0.40234375 0.5347222222222222 0.4078125 0.5319444444444444 0.4109375 0.5388888888888889 0.41328125 0.6 0.4234375 0.6513888888888889 0.42265625 0.6652777777777777 0.4046875 0.6847222222222222
0 0.54921875 0.9986111111111111 0.5515625 0.9930555555555556 0.565625 0.9888888888888889 0.57109375 0.9888888888888889 0.571875 0.9986111111111111 0.55 0.9986111111111111
0 0.3171875 0.4583333333333333 0.3484375 0.48055555555555557 0.353125 0.47638888888888886 0.3625 0.47638888888888886 0.3953125 0.49722222222222223 0.4015625 0.5069444444444444 0.4015625 0.5208333333333334 0.4 0.525 0.39453125 0.5277777777777778 0.37109375 0.5236111111111111 0.3484375 0.5083333333333333 0.33671875 0.5055555555555555 0.31484375 0.49027777777777776 0.30234375 0.47638888888888886 0.30234375 0.4666666666666667 0.30625 0.4597222222222222 0.31640625 0.4583333333333333
0 0.115625 0.9597222222222223 0.115625 0.9722222222222222 0.11328125 0.975 0.109375 0.9736111111111111 0.11484375 0.9611111111111111
0 0.42578125 0.4986111111111111 0.4390625 0.5111111111111111 0.46015625 0.5375 0.4703125 0.5291666666666667 0.48203125 0.5277777777777778 0.50546875 0.5388888888888889 0.521875 0.5416666666666666 0.56953125 0.5819444444444445 0.584375 0.6055555555555555 0.59296875 0.6125 0.60859375 0.6125 0.62109375 0.6180555555555556 0.64296875 0.5972222222222222 0.65625 0.5888888888888889 0.66171875 0.5805555555555556 0.67265625 0.5777777777777777 0.6734375 0.5819444444444445 0.66484375 0.5861111111111111 0.65546875 0.5972222222222222 0.65 0.6 0.63359375 0.6180555555555556 0.63125 0.6236111111111111 0.63203125 0.6277777777777778 0.6421875 0.6361111111111111 0.64453125 0.6458333333333334 0.6515625 0.6555555555555556 0.6671875 0.6666666666666666 0.6859375 0.6916666666666667 0.67578125 0.6888888888888889 0.67109375 0.6916666666666667 0.66875 0.6958333333333333 0.67109375 0.7166666666666667 0.66796875 0.7208333333333333 0.65390625 0.7097222222222223 0.65078125 0.7166666666666667 0.64375 0.7152777777777778 0.63671875 0.7194444444444444 0.63359375 0.7277777777777777 0.6296875 0.7277777777777777 0.6265625 0.7236111111111111 0.621875 0.7263888888888889 0.625 0.7444444444444445 0.62421875 0.7527777777777778 0.62734375 0.7555555555555555 0.6296875 0.7638888888888888 0.6296875 0.7736111111111111 0.63359375 0.7805555555555556 0.63359375 0.7861111111111111 0.64140625 0.7972222222222223 0.6421875 0.8069444444444445 0.640625 0.8097222222222222 0.6390625 0.8027777777777778 0.63515625 0.7972222222222223 0.63359375 0.7861111111111111 0.62578125 0.7722222222222223 0.621875 0.75 0.61484375 0.7375 0.609375 0.7069444444444445 0.6015625 0.6972222222222222 0.5953125 0.6833333333333333 0.58828125 0.6902777777777778 0.58125 0.6763888888888889 0.5734375 0.6833333333333333 0.5640625 0.6805555555555556 0.5484375 0.6597222222222222 0.54140625 0.6319444444444444 0.53359375 0.6388888888888888 0.52265625 0.6416666666666667 0.51640625 0.6111111111111112 0.50703125 0.5916666666666667 0.49921875 0.5888888888888889 0.484375 0.5916666666666667 0.4765625 0.5861111111111111 0.4453125 0.5888888888888889 0.425 0.5819444444444445 0.41875 0.5708333333333333 0.41484375 0.5694444444444444 0.41171875 0.5763888888888888 0.4109375 0.5888888888888889 0.40390625 0.5875 0.40859375 0.5847222222222223 0.40703125 0.575 0.40859375 0.5694444444444444 0.40625 0.5666666666666667 0.4078125 0.5638888888888889 0.40546875 0.5555555555555556 0.403125 0.5527777777777778 0.40078125 0.5569444444444445 0.39609375 0.5569444444444445 0.39375 0.5625 0.39375 0.5583333333333333 0.40390625 0.5402777777777777 0.403125 0.5319444444444444 0.4046875 0.5291666666666667 0.40078125 0.5208333333333334 0.4015625 0.5083333333333333 0.39765625 0.5041666666666667 0.4046875 0.5013888888888889 0.41328125 0.5097222222222222 0.4203125 0.5097222222222222 0.421875 0.5013888888888889 0.425 0.4986111111111111
0 0.33046875 0.8659722222222223 0.0125 0.018055555555555554
0 0.55546875 0.6166666666666667 0.5609375 0.625 0.56796875 0.6472222222222223 0.5765625 0.6652777777777777 0.5765625 0.6763888888888889 0.571875 0.6833333333333333 0.565625 0.6833333333333333 0.5515625 0.6680555555555555 0.54296875 0.6430555555555556 0.5453125 0.6291666666666667 0.5515625 0.6166666666666667 0.5546875 0.6166666666666667
0 0.2078125 0.8916666666666667 0.01875 0.08888888888888889
0 0.2953125 0.7041666666666667 0.29765625 0.7083333333333334 0.29765625 0.7166666666666667 0.29375 0.7222222222222222 0.2859375 0.7208333333333333 0.284375 0.7097222222222223 0.28828125 0.7027777777777777 0.29453125 0.7041666666666667
0 0.2171875 0.75 0.22578125 0.7569444444444444 0.23046875 0.7680555555555556 0.23203125 0.7805555555555556 0.23046875 0.8166666666666667 0.22578125 0.8263888888888888 0.21328125 0.8277777777777777 0.203125 0.8416666666666667 0.1953125 0.8402777777777778 0.18359375 0.8208333333333333 0.18125 0.8125 0.1828125 0.7833333333333333 0.18515625 0.7722222222222223 0.190625 0.7638888888888888 0.209375 0.75 0.21640625 0.75
0 0.165625 0.9590277777777778 0.0234375 0.0763888888888889
0 0.4421875 0.9138888888888889 0.453125 0.9277777777777778 0.46015625 0.9444444444444444 0.46015625 0.9513888888888888 0.4578125 0.9541666666666667 0.4484375 0.9527777777777777 0.43828125 0.9375 0.43984375 0.9166666666666666 0.44140625 0.9152777777777777
0 0.22578125 0.6708333333333333 0.22890625 0.6763888888888889 0.2296875 0.6944444444444444 0.22890625 0.7166666666666667 0.2234375 0.7402777777777778 0.21953125 0.7361111111111112 0.21640625 0.7263888888888889 0.2140625 0.7013888888888888 0.21640625 0.675 0.2203125 0.6694444444444444 0.225 0.6708333333333333
0 0.09453125 0.9222222222222223 0.10078125 0.9263888888888889 0.1015625 0.9333333333333333 0.0953125 0.9527777777777777 0.078125 0.9833333333333333 0.07421875 0.9833333333333333 0.07265625 0.9763888888888889 0.07890625 0.9611111111111111 0.0875 0.925 0.09375 0.9222222222222223
0 0.3078125 0.7569444444444444 0.31171875 0.7638888888888888 0.3203125 0.7986111111111112 0.32109375 0.8125 0.31875 0.8208333333333333 0.31015625 0.8180555555555555 0.30625 0.8111111111111111 0.29921875 0.7875 0.2984375 0.7638888888888888 0.303125 0.7569444444444444 0.30703125 0.7569444444444444
0 0.2828125 0.6652777777777777 0.2859375 0.6694444444444444 0.2859375 0.6763888888888889 0.2828125 0.6819444444444445 0.278125 0.6819444444444445 0.275 0.6763888888888889 0.27578125 0.6666666666666666 0.28203125 0.6652777777777777
0 0.52265625 0.9152777777777777 0.52890625 0.9180555555555555 0.546875 0.9388888888888889 0.55546875 0.9527777777777777 0.54921875 0.9513888888888888 0.525 0.925 0.52265625 0.9166666666666666
0 0.44453125 0.5458333333333333 0.46328125 0.5555555555555556 0.47421875 0.5763888888888888 0.4734375 0.5805555555555556 0.4703125 0.5819444444444445 0.44609375 0.5777777777777777 0.43359375 0.5680555555555555 0.42890625 0.5583333333333333 0.4296875 0.5527777777777778 0.43515625 0.5472222222222223 0.44375 0.5458333333333333
0 0.596875 0.6888888888888889 0.6109375 0.7111111111111111 0.61484375 0.7375 0.62265625 0.75 0.6296875 0.7472222222222222 0.6421875 0.7541666666666667 0.64765625 0.7541666666666667 0.65390625 0.7625 0.65078125 0.7875 0.646875 0.7972222222222223 0.63984375 0.8027777777777778 0.63359375 0.7944444444444444 0.621875 0.8 0.615625 0.8055555555555556 0.60234375 0.8277777777777777 0.58984375 0.7847222222222222 0.58046875 0.7375 0.58046875 0.7152777777777778 0.584375 0.7 0.59140625 0.6888888888888889 0.59609375 0.6888888888888889
0 0.171484375 0.7861111111111111 0.03515625 0.06388888888888888
0 0.49609375 0.5888888888888889 0.5078125 0.5930555555555556 0.51875 0.6180555555555556 0.52265625 0.6361111111111111 0.52265625 0.6472222222222223 0.515625 0.6513888888888889 0.509375 0.6513888888888889 0.503125 0.6472222222222223 0.49453125 0.6305555555555555 0.48515625 0.5916666666666667 0.48671875 0.5888888888888889 0.4953125 0.5888888888888889