0 0.2484375 0.7791666666666667 0.2515625 0.8180555555555555 0.26640625 0.825 0.27421875 0.8166666666666667 0.271875 0.7972222222222223 0.259375 0.7736111111111111 0.25234375 0.7722222222222223
0 0.21640625 0.8652777777777778 0.2140625 0.875 0.21640625 0.8791666666666667 0.23125 0.8805555555555555 0.2375 0.8652777777777778 0.2375 0.85 0.2328125 0.8541666666666666 0.2234375 0.8458333333333333
0 0.29296875 0.46111111111111114 0.29609375 0.48055555555555557 0.30703125 0.5111111111111111 0.2875 0.5402777777777777 0.29296875 0.5583333333333333 0.3 0.5583333333333333 0.32265625 0.525 0.3265625 0.5111111111111111 0.3109375 0.4625 0.303125 0.45694444444444443
0 0.32578125 0.6347222222222222 0.325 0.6458333333333334 0.328125 0.6486111111111111 0.34609375 0.6416666666666667 0.3859375 0.5972222222222222 0.3875 0.5819444444444445 0.37578125 0.5652777777777778 0.334375 0.6125
0 0.56015625 0.9013888888888889 0.55703125 0.9069444444444444 0.55703125 0.9180555555555555 0.5609375 0.9458333333333333 0.565625 0.9555555555555556 0.5703125 0.9611111111111111 0.603125 0.9555555555555556 0.60546875 0.9236111111111112 0.5953125 0.8972222222222223 0.578125 0.8916666666666667
0 0.46484375 0.7541666666666667 0.4625 0.7583333333333333 0.4640625 0.8041666666666667 0.4734375 0.8416666666666667 0.503125 0.8652777777777778 0.51171875 0.8638888888888889 0.51484375 0.8444444444444444 0.5109375 0.8291666666666667 0.50234375 0.8166666666666667 0.4921875 0.7861111111111111 0.47734375 0.7583333333333333
0 0.45390625 0.9402777777777778 0.45234375 0.9527777777777777 0.45546875 0.9569444444444445 0.496875 0.9944444444444445 0.50546875 0.9833333333333333 0.51328125 0.9472222222222222 0.51171875 0.9375 0.484375 0.9041666666666667 0.478125 0.9027777777777778 0.46640625 0.9041666666666667
0 0.190625 0.5638888888888889 0.18671875 0.5944444444444444 0.18828125 0.6013888888888889 0.196875 0.6180555555555556 0.2203125 0.6333333333333333 0.234375 0.6263888888888889 0.24765625 0.5902777777777778 0.2515625 0.5666666666666667 0.24609375 0.5527777777777778 0.2375 0.5458333333333333 0.2140625 0.5416666666666666 0.1953125 0.5527777777777778
0 0.228125 0.7097222222222223 0.225 0.7166666666666667 0.2265625 0.7305555555555555 0.2375 0.7625 0.24609375 0.7625 0.2890625 0.7180555555555556 0.2859375 0.6972222222222222 0.29296875 0.6916666666666667 0.2984375 0.6736111111111112 0.3109375 0.6666666666666666 0.315625 0.6541666666666667 0.29765625 0.6263888888888889 0.27890625 0.6361111111111111 0.271875 0.6430555555555556 0.2703125 0.6555555555555556
0 0.13046875 0.8013888888888889 0.1296875 0.8402777777777778 0.14609375 0.8652777777777778 0.16171875 0.8666666666666667 0.1921875 0.8305555555555556 0.1984375 0.8166666666666667 0.19453125 0.7777777777777778 0.21640625 0.7555555555555555 0.21953125 0.7569444444444444 0.22109375 0.75 0.21328125 0.7375 0.196875 0.7319444444444444 0.1828125 0.7513888888888889 0.1625 0.7458333333333333 0.1453125 0.7611111111111111
0 0.42734375 0.4777777777777778 0.428125 0.4986111111111111 0.4625 0.5263888888888889 0.48828125 0.5402777777777777 0.51875 0.5430555555555555 0.53046875 0.5583333333333333 0.5421875 0.5611111111111111 0.54921875 0.5777777777777777 0.55859375 0.5847222222222223 0.56640625 0.5833333333333334 0.57265625 0.5680555555555555 0.5796875 0.5680555555555555 0.584375 0.5777777777777777 0.615625 0.5875 0.62265625 0.5986111111111111 0.6484375 0.6083333333333333 0.65390625 0.6013888888888889 0.65390625 0.5902777777777778 0.65859375 0.5763888888888888 0.65234375 0.5625 0.603125 0.5291666666666667 0.58203125 0.525 0.57890625 0.5152777777777777 0.56015625 0.4986111111111111 0.56015625 0.49444444444444446 0.515625 0.5027777777777778 0.484375 0.4736111111111111 0.43046875 0.4722222222222222