0 0.390625 0 0.4265625 0 0.4296875 0.05277777777777778 0.42890625 0.08194444444444444 0.41953125 0.0875 0.415625 0.09305555555555556 0.41484375 0.11388888888888889 0.41171875 0.13194444444444445 0.4 0.1527777777777778 0.39765625 0.1527777777777778 0.39296875 0.1388888888888889 0.3890625 0.10694444444444444 0.390625 0.001388888888888889
0 0.6609375 0.022222222222222223 0.67734375 0.030555555555555555 0.68203125 0.027777777777777776 0.684375 0.030555555555555555 0.73046875 0.027777777777777776 0.73515625 0.043055555555555555 0.73984375 0.05 0.7359375 0.0625 0.7375 0.06666666666666667 0.73359375 0.07777777777777778 0.73046875 0.13055555555555556 0.728125 0.1388888888888889 0.7171875 0.15416666666666667 0.68515625 0.18194444444444444 0.67734375 0.19583333333333333 0.67265625 0.21666666666666667 0.6703125 0.2708333333333333 0.66171875 0.30694444444444446 0.65703125 0.30694444444444446 0.6578125 0.30277777777777776 0.653125 0.2847222222222222 0.65390625 0.2652777777777778 0.6609375 0.23055555555555557 0.66171875 0.20555555555555555 0.65 0.1375 0.6484375 0.08611111111111111 0.6453125 0.07777777777777778 0.64609375 0.044444444444444446 0.6484375 0.029166666666666667 0.65078125 0.02361111111111111 0.66015625 0.022222222222222223
0 0.24609375 0.9402777777777778 0.24921875 0.9472222222222222 0.24921875 0.9527777777777777 0.24453125 0.9611111111111111 0.2375 0.9597222222222223 0.23359375 0.9541666666666667 0.23359375 0.9486111111111111 0.23984375 0.9402777777777778 0.2453125 0.9402777777777778
0 0.1859375 0.9097222222222222 0.190625 0.9208333333333333 0.1890625 0.9319444444444445 0.18125 0.9597222222222223 0.16875 0.9875 0.16484375 0.9875 0.1640625 0.9847222222222223 0.165625 0.9569444444444445 0.1765625 0.9180555555555555 0.18125 0.9111111111111111 0.18515625 0.9097222222222222
0 0.253125 0.9888888888888889 0.25546875 0.9986111111111111 0.240625 0.9986111111111111 0.240625 0.9944444444444445 0.24375 0.9888888888888889 0.25234375 0.9888888888888889
0 0.196875 0.8736111111111111 0.0140625 0.03333333333333333
0 0.51875 0.002777777777777778 0.53515625 0.004166666666666667 0.54921875 0.011111111111111112 0.56171875 0.025 0.56484375 0.03333333333333333 0.56484375 0.041666666666666664 0.5625 0.05 0.55390625 0.0625 0.5546875 0.07083333333333333 0.5515625 0.075 0.5515625 0.08888888888888889 0.5453125 0.13333333333333333 0.534375 0.17916666666666667 0.534375 0.2263888888888889 0.53046875 0.2652777777777778 0.52890625 0.2708333333333333 0.51875 0.26805555555555555 0.51328125 0.275 0.51015625 0.28194444444444444 0.51015625 0.3055555555555556 0.50859375 0.30972222222222223 0.4984375 0.31805555555555554 0.49140625 0.3194444444444444 0.4875 0.2875 0.4734375 0.29583333333333334 0.4734375 0.23472222222222222 0.48671875 0.14722222222222223 0.48671875 0.11666666666666667 0.4921875 0.09444444444444444 0.4984375 0.08055555555555556 0.503125 0.059722222222222225 0.50078125 0.04861111111111111 0.49453125 0.05555555555555555 0.49453125 0.04861111111111111 0.496875 0.044444444444444446 0.49765625 0.03611111111111111 0.50078125 0.03194444444444444 0.50234375 0.03888888888888889 0.50546875 0.04027777777777778 0.5109375 0.011111111111111112 0.51796875 0.004166666666666667
0 0.278125 0.9388888888888889 0.29296875 0.9388888888888889 0.3015625 0.9430555555555555 0.3015625 0.9458333333333333 0.2953125 0.9472222222222222 0.2796875 0.9444444444444444 0.278125 0.9402777777777778
0 0.23046875 0.9180555555555555 0.22578125 0.9138888888888889 0.22578125 0.9041666666666667 0.2296875 0.9 0.23515625 0.9 0.23671875 0.9027777777777778 0.23671875 0.9138888888888889 0.23125 0.9166666666666666
0 0.95625 0.6319444444444444 0.9671875 0.6444444444444445 0.9671875 0.6513888888888889 0.96328125 0.6541666666666667 0.953125 0.6402777777777777 0.95234375 0.6333333333333333 0.95546875 0.6319444444444444
0 0.51171875 0.011111111111111112 0.5171875 0.005555555555555556 0.5203125 0.006944444444444444 0.52109375 0.034722222222222224 0.51640625 0.05277777777777778 0.5046875 0.1375 0.50546875 0.20555555555555555 0.51015625 0.25277777777777777 0.51015625 0.26805555555555555 0.5078125 0.2777777777777778 0.5078125 0.30416666666666664 0.50546875 0.3111111111111111 0.49609375 0.3138888888888889 0.49296875 0.30972222222222223 0.48984375 0.2986111111111111 0.48984375 0.2875 0.4875 0.2833333333333333 0.4859375 0.2875 0.4796875 0.2916666666666667 0.47578125 0.2916666666666667 0.4734375 0.2861111111111111 0.4734375 0.2361111111111111 0.48671875 0.14722222222222223 0.48671875 0.11527777777777778 0.50078125 0.075 0.50390625 0.05694444444444444 0.503125 0.04583333333333333 0.50703125 0.03888888888888889 0.51171875 0.0125
0 0.5984375 0.044444444444444446 0.6046875 0.03888888888888889 0.61171875 0.0375 0.62109375 0.06388888888888888 0.61640625 0.07916666666666666 0.6078125 0.09444444444444444 0.59921875 0.10138888888888889 0.5953125 0.1 0.59296875 0.09444444444444444 0.59296875 0.0875 0.5984375 0.04583333333333333