0 0.56015625 0.825 0.56328125 0.8291666666666667 0.57109375 0.8305555555555556 0.58515625 0.8472222222222222 0.59140625 0.8486111111111111 0.6046875 0.8597222222222223 0.625 0.8861111111111111 0.62421875 0.8888888888888888 0.62109375 0.8888888888888888 0.6140625 0.8833333333333333 0.584375 0.85 0.58125 0.85 0.5765625 0.8430555555555556 0.5609375 0.8319444444444445 0.56015625 0.8263888888888888
0 0.85234375 0.4736111111111111 0.85546875 0.4736111111111111 0.85546875 0.4847222222222222 0.85234375 0.4888888888888889 0.85078125 0.5083333333333333 0.84453125 0.5236111111111111 0.84140625 0.525 0.83125 0.5180555555555556 0.828125 0.5083333333333333 0.8328125 0.49166666666666664 0.84765625 0.49027777777777776 0.8515625 0.48333333333333334 0.85234375 0.475
0 0.3875 0.24166666666666667 0.403125 0.25 0.4078125 0.2652777777777778 0.4046875 0.2708333333333333 0.396875 0.26666666666666666 0.38828125 0.25555555555555554 0.3828125 0.24444444444444444 0.38671875 0.24166666666666667
0 0.55 0.2625 0.60078125 0.2875 0.60703125 0.2875 0.6171875 0.2791666666666667 0.61640625 0.29583333333333334 0.6203125 0.30277777777777776 0.6328125 0.31805555555555554 0.65703125 0.3375 0.6515625 0.3388888888888889 0.646875 0.3458333333333333 0.64375 0.35555555555555557 0.6453125 0.3638888888888889 0.634375 0.3597222222222222 0.63125 0.3625 0.63203125 0.36527777777777776 0.6265625 0.375 0.62265625 0.36944444444444446 0.61875 0.36944444444444446 0.61015625 0.3625 0.590625 0.3611111111111111 0.584375 0.35833333333333334 0.58203125 0.3527777777777778 0.57421875 0.3527777777777778 0.565625 0.3472222222222222 0.565625 0.3402777777777778 0.56328125 0.3347222222222222 0.56484375 0.3236111111111111 0.5609375 0.3194444444444444 0.553125 0.32083333333333336 0.5375 0.31666666666666665 0.54140625 0.3111111111111111 0.56328125 0.29583333333333334 0.57890625 0.28888888888888886 0.56875 0.28055555555555556 0.56640625 0.28055555555555556 0.5640625 0.2861111111111111 0.56328125 0.2791666666666667 0.55859375 0.2722222222222222 0.53125 0.2638888888888889 0.5171875 0.2638888888888889 0.4953125 0.27361111111111114 0.490625 0.2722222222222222 0.4890625 0.26805555555555555 0.49140625 0.2652777777777778 0.5078125 0.25972222222222224 0.54921875 0.2625
0 0.5578125 0.8180555555555555 0.56484375 0.8277777777777777 0.57890625 0.8375 0.584375 0.8486111111111111 0.58828125 0.8472222222222222 0.60546875 0.8611111111111112 0.62109375 0.8791666666666667 0.625 0.8861111111111111 0.62421875 0.8888888888888888 0.6140625 0.8833333333333333 0.590625 0.8569444444444444 0.584375 0.8555555555555555 0.584375 0.8486111111111111 0.58046875 0.8513888888888889 0.5765625 0.8430555555555556 0.571875 0.8388888888888889 0.56484375 0.8347222222222223 0.55859375 0.8388888888888889 0.5546875 0.8375 0.5515625 0.8291666666666667 0.5515625 0.8208333333333333 0.55703125 0.8180555555555555
0 0.64453125 0.3680555555555556 0.65703125 0.39166666666666666 0.65625 0.4083333333333333 0.65078125 0.41805555555555557 0.640625 0.4152777777777778 0.63125 0.3972222222222222 0.6328125 0.37222222222222223 0.6375 0.36666666666666664 0.64375 0.3680555555555556
0 0.6578125 0.3388888888888889 0.6671875 0.35 0.6703125 0.35833333333333334 0.67109375 0.36944444444444446 0.665625 0.37916666666666665 0.65546875 0.3736111111111111 0.6453125 0.3597222222222222 0.6453125 0.3527777777777778 0.64921875 0.3402777777777778 0.65078125 0.3375 0.65703125 0.3388888888888889
0 0.52890625 0.2652777777777778 0.55234375 0.2708333333333333 0.5609375 0.2777777777777778 0.5609375 0.28888888888888886 0.55703125 0.2986111111111111 0.53046875 0.3138888888888889 0.5140625 0.3013888888888889 0.50703125 0.28194444444444444 0.5078125 0.2722222222222222 0.51171875 0.26666666666666666 0.528125 0.2652777777777778
0 0.70234375 0.275 0.70625 0.275 0.70625 0.2777777777777778 0.70078125 0.2972222222222222 0.70234375 0.30694444444444446 0.69921875 0.3111111111111111 0.70625 0.3194444444444444 0.71171875 0.33611111111111114 0.73125 0.35833333333333334 0.73828125 0.37083333333333335 0.73828125 0.37777777777777777 0.73515625 0.37777777777777777 0.72265625 0.3680555555555556 0.71640625 0.35694444444444445 0.709375 0.3541666666666667 0.71015625 0.3486111111111111 0.70703125 0.3458333333333333 0.703125 0.3486111111111111 0.70703125 0.3527777777777778 0.703125 0.3527777777777778 0.70234375 0.3416666666666667 0.69921875 0.33611111111111114 0.69609375 0.3375 0.6953125 0.325 0.6921875 0.3194444444444444 0.68125 0.3236111111111111 0.68203125 0.3194444444444444 0.6875 0.31666666666666665 0.68515625 0.30694444444444446 0.70234375 0.2763888888888889
0 0.54296875 0.8930555555555556 0.5515625 0.9125 0.55390625 0.9305555555555556 0.55390625 0.9486111111111111 0.56171875 0.9694444444444444 0.565625 0.9944444444444445 0.565625 0.9986111111111111 0.559375 0.9958333333333333 0.55546875 0.9736111111111111 0.55078125 0.9625 0.55078125 0.9486111111111111 0.54765625 0.9444444444444444 0.53984375 0.9430555555555555 0.53828125 0.9388888888888889 0.53984375 0.9277777777777778 0.5390625 0.9166666666666666 0.54296875 0.9055555555555556 0.54296875 0.8944444444444445
0 0.4546875 0.2361111111111111 0.4875 0.2708333333333333 0.4921875 0.2652777777777778 0.50390625 0.2611111111111111 0.53359375 0.2611111111111111 0.5625 0.26805555555555555 0.578125 0.2791666666666667 0.56640625 0.2791666666666667 0.56328125 0.2861111111111111 0.55625 0.27361111111111114 0.52421875 0.2652777777777778 0.50234375 0.26805555555555555 0.5 0.2722222222222222 0.496875 0.2722222222222222 0.4953125 0.2763888888888889 0.49765625 0.28055555555555556 0.50546875 0.2875 0.51484375 0.30277777777777776 0.5234375 0.30833333333333335 0.52265625 0.32083333333333336 0.525 0.325 0.53046875 0.325 0.5328125 0.33194444444444443 0.53671875 0.33055555555555555 0.540625 0.3375 0.5359375 0.3458333333333333 0.5296875 0.3416666666666667 0.52578125 0.33055555555555555 0.521875 0.3333333333333333 0.51875 0.3263888888888889 0.49140625 0.325 0.46328125 0.3138888888888889 0.4640625 0.30972222222222223 0.475 0.30277777777777776 0.4734375 0.2986111111111111 0.46953125 0.3 0.46796875 0.29583333333333334 0.47734375 0.29444444444444445 0.4765625 0.28888888888888886 0.478125 0.29305555555555557 0.4875 0.29583333333333334 0.49140625 0.3013888888888889 0.4984375 0.3 0.4734375 0.2708333333333333 0.46328125 0.2652777777777778 0.46015625 0.2569444444444444 0.44921875 0.24861111111111112 0.44609375 0.23472222222222222 0.45 0.23194444444444445 0.45390625 0.2361111111111111
0 0.62265625 0.26805555555555555 0.6234375 0.275 0.61640625 0.29444444444444445 0.60859375 0.2916666666666667 0.6078125 0.2861111111111111 0.61953125 0.26805555555555555 0.621875 0.26805555555555555
0 0.421875 0.9569444444444445 0.43203125 0.9555555555555556 0.4390625 0.95 0.44375 0.9513888888888888 0.4375 0.9625 0.43046875 0.9861111111111112 0.42265625 0.9930555555555556 0.4203125 0.9902777777777778 0.4203125 0.9666666666666667 0.421875 0.9583333333333334
0 0.3609375 0.6625 0.378125 0.6819444444444445 0.3796875 0.6902777777777778 0.37578125 0.6972222222222222 0.3671875 0.6958333333333333 0.3484375 0.6777777777777778 0.346875 0.6680555555555555 0.35 0.6583333333333333 0.35546875 0.6569444444444444 0.36015625 0.6625
0 0.33671875 0.7256944444444444 0.0265625 0.02361111111111111
0 0.58203125 0.9 0.58515625 0.9027777777777778 0.5875 0.9138888888888889 0.5921875 0.9375 0.59375 0.9569444444444445 0.59140625 0.9625 0.58203125 0.9708333333333333 0.5671875 0.9777777777777777 0.56328125 0.9736111111111111 0.55625 0.9569444444444445 0.553125 0.9208333333333333 0.55625 0.9125 0.56328125 0.9055555555555556 0.58125 0.9
0 0.42890625 0.23055555555555557 0.4421875 0.25416666666666665 0.44453125 0.2513888888888889 0.44453125 0.23194444444444445 0.45078125 0.23055555555555557 0.4765625 0.25972222222222224 0.4875 0.26805555555555555 0.49375 0.2625 0.51171875 0.25833333333333336 0.546875 0.2611111111111111 0.60078125 0.2861111111111111 0.60546875 0.2861111111111111 0.6203125 0.27361111111111114 0.6203125 0.2902777777777778 0.61875 0.29583333333333334 0.6234375 0.3055555555555556 0.63515625 0.3194444444444444 0.659375 0.3375 0.66640625 0.3375 0.675 0.32916666666666666 0.684375 0.3055555555555556 0.7015625 0.275 0.70703125 0.275 0.7046875 0.29305555555555557 0.70859375 0.3 0.7125 0.3 0.74296875 0.27361111111111114 0.74921875 0.2722222222222222 0.75390625 0.28055555555555556 0.75234375 0.28888888888888886 0.7296875 0.3013888888888889 0.70859375 0.32083333333333336 0.70859375 0.33055555555555555 0.72109375 0.35 0.73359375 0.3638888888888889 0.7375 0.37083333333333335 0.7375 0.38055555555555554 0.72890625 0.37083333333333335 0.7171875 0.36527777777777776 0.7046875 0.36666666666666664 0.69921875 0.3611111111111111 0.69140625 0.36527777777777776 0.68671875 0.3736111111111111 0.68984375 0.3763888888888889 0.6890625 0.37916666666666665 0.6921875 0.38472222222222224 0.69921875 0.39305555555555555 0.70234375 0.39305555555555555 0.7 0.3972222222222222 0.7046875 0.40555555555555556 0.71171875 0.40694444444444444 0.70859375 0.4111111111111111 0.71640625 0.41944444444444445 0.73125 0.42083333333333334 0.7375 0.40555555555555556 0.7421875 0.40694444444444444 0.74765625 0.4152777777777778 0.74765625 0.42083333333333334 0.7421875 0.42777777777777776 0.74375 0.44027777777777777 0.76484375 0.4486111111111111 0.7734375 0.44722222222222224 0.784375 0.4625 0.79140625 0.46805555555555556 0.8125 0.475 0.81328125 0.4777777777777778 0.82109375 0.4791666666666667 0.825 0.4861111111111111 0.83828125 0.49027777777777776 0.8421875 0.49583333333333335 0.84296875 0.5041666666666667 0.84140625 0.5055555555555555 0.8390625 0.5027777777777778 0.83515625 0.5069444444444444 0.82265625 0.5027777777777778 0.80625 0.5041666666666667 0.8140625 0.5305555555555556 0.81484375 0.5388888888888889 0.80234375 0.5083333333333333 0.7921875 0.4930555555555556 0.76953125 0.4847222222222222 0.75 0.4722222222222222 0.74453125 0.4722222222222222 0.746875 0.48194444444444445 0.75390625 0.4930555555555556 0.7546875 0.49722222222222223 0.7515625 0.5 0.740625 0.4875 0.72734375 0.46111111111111114 0.71875 0.4527777777777778 0.71015625 0.4527777777777778 0.703125 0.4444444444444444 0.6921875 0.44722222222222224 0.68203125 0.44583333333333336 0.675 0.4361111111111111 0.6765625 0.43194444444444446 0.67421875 0.42777777777777776 0.67578125 0.4222222222222222 0.675 0.4166666666666667 0.66796875 0.41805555555555557 0.66796875 0.41388888888888886 0.6609375 0.41388888888888886 0.6578125 0.41805555555555557 0.6578125 0.4236111111111111 0.6609375 0.42777777777777776 0.66484375 0.42777777777777776 0.66640625 0.4361111111111111 0.66171875 0.4513888888888889 0.66171875 0.4597222222222222 0.66484375 0.4638888888888889 0.66484375 0.4777777777777778 0.6609375 0.4625 0.66015625 0.44583333333333336 0.6515625 0.42777777777777776 0.65703125 0.42083333333333334 0.646875 0.41805555555555557 0.634375 0.4041666666666667 0.63515625 0.3888888888888889 0.63359375 0.37777777777777777 0.62734375 0.39166666666666666 0.6234375 0.39166666666666666 0.61953125 0.38333333333333336 0.61640625 0.3861111111111111 0.6171875 0.3902777777777778 0.61484375 0.3902777777777778 0.6109375 0.38333333333333336 0.6140625 0.3819444444444444 0.6140625 0.37777777777777777 0.60703125 0.37083333333333335 0.59921875 0.3680555555555556 0.5828125 0.36527777777777776 0.5625 0.3763888888888889 0.55 0.3486111111111111 0.54765625 0.35138888888888886 0.54296875 0.35 0.540625 0.3638888888888889 0.5359375 0.36666666666666664 0.53203125 0.3611111111111111 0.5296875 0.3472222222222222 0.5234375 0.33611111111111114 0.50859375 0.32916666666666666 0.4671875 0.3194444444444444 0.4578125 0.3138888888888889 0.45 0.31527777777777777 0.45 0.3236111111111111 0.45234375 0.33055555555555555 0.45234375 0.35138888888888886 0.45625 0.3597222222222222 0.46015625 0.38333333333333336 0.46015625 0.3972222222222222 0.45546875 0.4041666666666667 0.44921875 0.4 0.44921875 0.3958333333333333 0.45390625 0.39444444444444443 0.45 0.38333333333333336 0.44609375 0.3888888888888889 0.43203125 0.39305555555555555 0.42734375 0.3861111111111111 0.42734375 0.35694444444444445 0.42421875 0.3458333333333333 0.42109375 0.3416666666666667 0.421875 0.33611111111111114 0.4265625 0.3347222222222222 0.4234375 0.32916666666666666 0.41796875 0.3333333333333333 0.41796875 0.32916666666666666 0.4140625 0.3236111111111111 0.41484375 0.30972222222222223 0.41796875 0.32083333333333336 0.42421875 0.31805555555555554 0.421875 0.3138888888888889 0.421875 0.30694444444444446 0.4234375 0.3055555555555556 0.421875 0.29583333333333334 0.42578125 0.2986111111111111 0.42734375 0.29583333333333334 0.42421875 0.29305555555555557 0.43203125 0.2791666666666667 0.4328125 0.2625 0.42890625 0.2569444444444444 0.421875 0.23472222222222222 0.4234375 0.22916666666666666 0.428125 0.23055555555555557
0 0.79453125 0.425 0.83203125 0.4444444444444444 0.8484375 0.46111111111111114 0.85234375 0.4708333333333333 0.853125 0.48194444444444445 0.85234375 0.4888888888888889 0.84921875 0.49166666666666664 0.83125 0.4875 0.81875 0.4791666666666667 0.79453125 0.46944444444444444 0.78515625 0.46111111111111114 0.77734375 0.44722222222222224 0.77734375 0.44166666666666665 0.7859375 0.4236111111111111 0.79375 0.425
0 0.40390625 0.7444444444444445 0.40859375 0.7444444444444445 0.4078125 0.75 0.40390625 0.7486111111111111 0.40390625 0.7458333333333333
0 0.69296875 0.3 0.028125 0.05555555555555555
0 0.13359375 0.8833333333333333 0.13359375 0.8916666666666667 0.13046875 0.8958333333333334 0.128125 0.8916666666666667 0.1328125 0.8833333333333333
0 0.45 0.23333333333333334 0.4859375 0.26944444444444443 0.5 0.2611111111111111 0.53046875 0.25972222222222224 0.5546875 0.2638888888888889 0.60078125 0.2875 0.60703125 0.2875 0.61640625 0.2791666666666667 0.61640625 0.2972222222222222 0.61875 0.3013888888888889 0.63125 0.31666666666666665 0.66015625 0.3388888888888889 0.66796875 0.3388888888888889 0.6734375 0.3333333333333333 0.69296875 0.29583333333333334 0.69921875 0.2916666666666667 0.70078125 0.3 0.70625 0.30416666666666664 0.72109375 0.29583333333333334 0.7421875 0.275 0.74921875 0.27361111111111114 0.753125 0.28055555555555556 0.7515625 0.28888888888888886 0.73984375 0.29305555555555557 0.7234375 0.30416666666666664 0.709375 0.31527777777777777 0.70625 0.32222222222222224 0.70703125 0.33194444444444443 0.71796875 0.35 0.73046875 0.3625 0.73125 0.36666666666666664 0.72734375 0.36666666666666664 0.7203125 0.3597222222222222 0.7171875 0.3527777777777778 0.7140625 0.3527777777777778 0.7109375 0.34305555555555556 0.7015625 0.3375 0.7 0.3333333333333333 0.69296875 0.3333333333333333 0.684375 0.3416666666666667 0.696875 0.35555555555555557 0.684375 0.3527777777777778 0.67734375 0.35694444444444445 0.68046875 0.3638888888888889 0.6875 0.36527777777777776 0.684375 0.37222222222222223 0.68828125 0.3902777777777778 0.69609375 0.39166666666666666 0.7015625 0.4111111111111111 0.70703125 0.41805555555555557 0.69296875 0.4041666666666667 0.6890625 0.40555555555555556 0.6921875 0.4 0.68984375 0.39444444444444443 0.6859375 0.39444444444444443 0.6828125 0.4041666666666667 0.67890625 0.40694444444444444 0.67109375 0.4111111111111111 0.6640625 0.4083333333333333 0.65625 0.4125 0.65703125 0.39861111111111114 0.65546875 0.39166666666666666 0.6453125 0.37083333333333335 0.640625 0.36666666666666664 0.6328125 0.36944444444444446 0.63125 0.3763888888888889 0.62734375 0.3819444444444444 0.6265625 0.3888888888888889 0.62421875 0.38055555555555554 0.61953125 0.375 0.596875 0.36527777777777776 0.57890625 0.3638888888888889 0.575 0.3680555555555556 0.56640625 0.36944444444444446 0.56484375 0.36527777777777776 0.57109375 0.3638888888888889 0.571875 0.3611111111111111 0.55546875 0.34444444444444444 0.55078125 0.3277777777777778 0.53203125 0.32083333333333336 0.53203125 0.31666666666666665 0.534375 0.3138888888888889 0.55625 0.3013888888888889 0.5640625 0.29305555555555557 0.5625 0.2777777777777778 0.55078125 0.26944444444444443 0.53671875 0.2652777777777778 0.5125 0.2652777777777778 0.49609375 0.2763888888888889 0.49765625 0.28194444444444444 0.50625 0.28888888888888886 0.51328125 0.30277777777777776 0.521875 0.30833333333333335 0.5234375 0.32222222222222224 0.5296875 0.33611111111111114 0.46328125 0.31527777777777777 0.459375 0.30833333333333335 0.46640625 0.30833333333333335 0.46796875 0.3055555555555556 0.46640625 0.3 0.46328125 0.2986111111111111 0.4640625 0.29583333333333334 0.47734375 0.29444444444444445 0.4796875 0.2916666666666667 0.49140625 0.2986111111111111 0.4953125 0.29583333333333334 0.4734375 0.2722222222222222 0.4640625 0.27361111111111114 0.46015625 0.2652777777777778 0.46015625 0.2569444444444444 0.4484375 0.24583333333333332 0.44765625 0.23472222222222222 0.44921875 0.23333333333333334
0 0.42265625 0.23055555555555557 0.4265625 0.22916666666666666 0.43203125 0.23472222222222222 0.4421875 0.25555555555555554 0.44609375 0.25277777777777777 0.4453125 0.23333333333333334 0.44921875 0.23055555555555557 0.48515625 0.26805555555555555 0.50546875 0.25972222222222224 0.5265625 0.25833333333333336 0.5453125 0.2611111111111111 0.60234375 0.2875 0.6203125 0.27361111111111114 0.62109375 0.2777777777777778 0.61875 0.2861111111111111 0.6203125 0.3013888888888889 0.63515625 0.3194444444444444 0.6609375 0.3388888888888889 0.66796875 0.3375 0.675 0.32916666666666666 0.68125 0.3125 0.703125 0.27361111111111114 0.70703125 0.275 0.7046875 0.29305555555555557 0.709375 0.3013888888888889 0.7203125 0.29583333333333334 0.74140625 0.275 0.74609375 0.2722222222222222 0.75078125 0.27361111111111114 0.75390625 0.28055555555555556 0.75390625 0.2861111111111111 0.75078125 0.2902777777777778 0.72890625 0.3013888888888889 0.71015625 0.31666666666666665 0.7078125 0.32222222222222224 0.70859375 0.33055555555555555 0.715625 0.34305555555555556 0.734375 0.36527777777777776 0.7375 0.37222222222222223 0.7375 0.38055555555555554 0.73125 0.37083333333333335 0.71796875 0.36527777777777776 0.71953125 0.3625 0.71640625 0.35833333333333334 0.71328125 0.3611111111111111 0.71484375 0.36527777777777776 0.70703125 0.36666666666666664 0.7015625 0.3611111111111111 0.6921875 0.3611111111111111 0.68515625 0.37222222222222223 0.6875 0.37916666666666665 0.69296875 0.3888888888888889 0.6984375 0.39305555555555555 0.703125 0.40555555555555556 0.70703125 0.40694444444444444 0.709375 0.4152777777777778 0.71640625 0.42083333333333334 0.71875 0.4263888888888889 0.73359375 0.4222222222222222 0.7375 0.4083333333333333 0.74140625 0.40694444444444444 0.746875 0.4166666666666667 0.740625 0.42777777777777776 0.7421875 0.44027777777777777 0.759375 0.4486111111111111 0.7734375 0.44722222222222224 0.79140625 0.46805555555555556 0.8109375 0.475 0.8140625 0.4791666666666667 0.8203125 0.4791666666666667 0.82421875 0.4861111111111111 0.83125 0.49027777777777776 0.83828125 0.49027777777777776 0.84296875 0.49722222222222223 0.84609375 0.5111111111111111 0.84375 0.5152777777777777 0.84453125 0.5083333333333333 0.83984375 0.5055555555555555 0.8359375 0.5083333333333333 0.834375 0.5138888888888888 0.834375 0.5083333333333333 0.83203125 0.5055555555555555 0.815625 0.5013888888888889 0.80703125 0.5027777777777778 0.80625 0.5055555555555555 0.8171875 0.5416666666666666 0.8171875 0.5486111111111112 0.80234375 0.5097222222222222 0.7921875 0.4930555555555556 0.74453125 0.4708333333333333 0.74296875 0.4736111111111111 0.75390625 0.49444444444444446 0.7515625 0.5 0.73984375 0.4861111111111111 0.7265625 0.4597222222222222 0.7203125 0.4527777777777778 0.7109375 0.4527777777777778 0.70390625 0.44305555555555554 0.690625 0.44583333333333336 0.70390625 0.4361111111111111 0.71015625 0.4375 0.7125 0.4444444444444444 0.715625 0.44166666666666665 0.7125 0.43333333333333335 0.70546875 0.4263888888888889 0.703125 0.41805555555555557 0.696875 0.4097222222222222 0.69375 0.4111111111111111 0.6984375 0.42083333333333334 0.6828125 0.41944444444444445 0.68203125 0.425 0.678125 0.425 0.6796875 0.42083333333333334 0.678125 0.41805555555555557 0.68203125 0.41944444444444445 0.68671875 0.4111111111111111 0.6859375 0.40555555555555556 0.6765625 0.4097222222222222 0.675 0.4152777777777778 0.671875 0.4166666666666667 0.6703125 0.4125 0.66015625 0.4125 0.6546875 0.41805555555555557 0.64921875 0.41805555555555557 0.64765625 0.4125 0.63984375 0.4111111111111111 0.6359375 0.4041666666666667 0.63671875 0.3902777777777778 0.634375 0.3763888888888889 0.64296875 0.375 0.64453125 0.37222222222222223 0.6421875 0.36944444444444446 0.6328125 0.37083333333333335 0.6328125 0.3763888888888889 0.628125 0.38055555555555554 0.6265625 0.3902777777777778 0.6234375 0.3861111111111111 0.6234375 0.38055555555555554 0.6203125 0.375 0.615625 0.3763888888888889 0.6125 0.37083333333333335 0.596875 0.36527777777777776 0.5828125 0.3638888888888889 0.56328125 0.3763888888888889 0.56015625 0.3736111111111111 0.55 0.3472222222222222 0.546875 0.35 0.54296875 0.3472222222222222 0.540625 0.35138888888888886 0.53984375 0.36527777777777776 0.53515625 0.36527777777777776 0.52578125 0.33611111111111114 0.5078125 0.3277777777777778 0.46875 0.3194444444444444 0.459375 0.3138888888888889 0.45078125 0.3138888888888889 0.44921875 0.31666666666666665 0.45078125 0.32083333333333336 0.45 0.3263888888888889 0.45234375 0.33055555555555555 0.45234375 0.3541666666666667 0.45 0.3402777777777778 0.440625 0.34305555555555556 0.4375 0.3486111111111111 0.44453125 0.3541666666666667 0.44453125 0.3625 0.44921875 0.3680555555555556 0.4515625 0.36527777777777776 0.45234375 0.35694444444444445 0.45625 0.3597222222222222 0.4609375 0.3958333333333333 0.45546875 0.4041666666666667 0.45 0.4013888888888889 0.44921875 0.39444444444444443 0.45390625 0.3958333333333333 0.45546875 0.39305555555555555 0.45078125 0.38333333333333336 0.45234375 0.37916666666666665 0.44921875 0.375 0.446875 0.37777777777777777 0.446875 0.3902777777777778 0.4421875 0.3888888888888889 0.4375 0.39305555555555555 0.43203125 0.39305555555555555 0.42734375 0.3861111111111111 0.428125 0.3638888888888889 0.42421875 0.3472222222222222 0.43046875 0.35 0.4359375 0.3375 0.44609375 0.3375 0.44921875 0.33055555555555555 0.44765625 0.3277777777777778 0.44921875 0.31527777777777777 0.4484375 0.30694444444444446 0.44609375 0.30416666666666664 0.43984375 0.30972222222222223 0.4421875 0.3138888888888889 0.43828125 0.3125 0.4375 0.30972222222222223 0.440625 0.30694444444444446 0.4375 0.29583333333333334 0.43359375 0.29305555555555557 0.43203125 0.2875 0.43046875 0.2916666666666667 0.425 0.29305555555555557 0.42734375 0.2916666666666667 0.43203125 0.2791666666666667 0.43203125 0.26805555555555555 0.43359375 0.2652777777777778 0.4234375 0.24444444444444444 0.42265625 0.23194444444444445
0 0.75859375 0.42777777777777776 0.76796875 0.43472222222222223 0.76796875 0.4388888888888889 0.7625 0.44583333333333336 0.7484375 0.4444444444444444 0.7421875 0.4388888888888889 0.7421875 0.43194444444444446 0.74765625 0.4263888888888889 0.7578125 0.42777777777777776
0 0.54296875 0.8347222222222223 0.54765625 0.8402777777777778 0.546875 0.8458333333333333 0.54140625 0.8458333333333333 0.53828125 0.8416666666666667 0.5421875 0.8347222222222223
0 0.32578125 0.9180555555555555 0.33515625 0.9347222222222222 0.33515625 0.9444444444444444 0.328125 0.9597222222222223 0.334375 0.9625 0.33359375 0.9694444444444444 0.3375 0.9722222222222222 0.33828125 0.9763888888888889 0.3359375 0.9805555555555555 0.33125 0.9777777777777777 0.3296875 0.9805555555555555 0.33671875 0.9902777777777778 0.33203125 0.9944444444444445 0.30859375 0.9958333333333333 0.30625 0.9986111111111111 0.29296875 0.9986111111111111 0.29296875 0.9930555555555556 0.3078125 0.9611111111111111 0.31875 0.9263888888888889 0.325 0.9180555555555555
0 0.4546875 0.2361111111111111 0.484375 0.26805555555555555 0.49921875 0.2611111111111111 0.5234375 0.25833333333333336 0.55859375 0.2652777777777778 0.60078125 0.2875 0.60625 0.2875 0.6171875 0.2791666666666667 0.61640625 0.2972222222222222 0.61875 0.3013888888888889 0.634375 0.3194444444444444 0.66015625 0.3388888888888889 0.6671875 0.3388888888888889 0.6765625 0.32916666666666666 0.684375 0.30972222222222223 0.7015625 0.28194444444444444 0.703125 0.28194444444444444 0.70234375 0.2902777777777778 0.7 0.29305555555555557 0.70078125 0.3 0.70625 0.30416666666666664 0.7203125 0.29583333333333334 0.74375 0.27361111111111114 0.7484375 0.2722222222222222 0.75390625 0.28194444444444444 0.7515625 0.28888888888888886 0.72421875 0.30416666666666664 0.70859375 0.31666666666666665 0.70625 0.3236111111111111 0.70703125 0.33194444444444443 0.709375 0.33611111111111114 0.721875 0.3541666666666667 0.73046875 0.3611111111111111 0.73203125 0.36666666666666664 0.725 0.36527777777777776 0.7171875 0.3541666666666667 0.7125 0.35138888888888886 0.71015625 0.34305555555555556 0.70234375 0.3375 0.69921875 0.33194444444444443 0.6921875 0.3333333333333333 0.68515625 0.3416666666666667 0.69609375 0.35555555555555557 0.68515625 0.3527777777777778 0.67734375 0.35833333333333334 0.6796875 0.3625 0.6875 0.36527777777777776 0.68515625 0.3736111111111111 0.6890625 0.3861111111111111 0.68828125 0.3902777777777778 0.69609375 0.39166666666666666 0.7046875 0.4125 0.71484375 0.4236111111111111 0.71328125 0.42916666666666664 0.70703125 0.425 0.7 0.4111111111111111 0.6921875 0.4041666666666667 0.6890625 0.40555555555555556 0.69140625 0.4 0.6890625 0.3958333333333333 0.68515625 0.3958333333333333 0.68203125 0.40555555555555556 0.671875 0.4111111111111111 0.6625 0.4097222222222222 0.65703125 0.4125 0.65625 0.39444444444444443 0.6484375 0.3763888888888889 0.646875 0.375 0.64453125 0.37916666666666665 0.64375 0.3875 0.63828125 0.3888888888888889 0.63671875 0.3861111111111111 0.640625 0.38333333333333336 0.6390625 0.38055555555555554 0.63984375 0.3763888888888889 0.64609375 0.3736111111111111 0.640625 0.36666666666666664 0.63671875 0.36666666666666664 0.63203125 0.37222222222222223 0.62734375 0.39166666666666666 0.6234375 0.39166666666666666 0.61953125 0.37777777777777777 0.6171875 0.38333333333333336 0.61328125 0.38333333333333336 0.615625 0.38055555555555554 0.61484375 0.37777777777777777 0.60390625 0.36944444444444446 0.5890625 0.3680555555555556 0.584375 0.3638888888888889 0.57421875 0.36944444444444446 0.5671875 0.37083333333333335 0.5640625 0.36666666666666664 0.56015625 0.36944444444444446 0.56015625 0.36527777777777776 0.5640625 0.36527777777777776 0.5671875 0.3597222222222222 0.5640625 0.3527777777777778 0.56015625 0.3541666666666667 0.56015625 0.35 0.5546875 0.34444444444444444 0.55546875 0.3416666666666667 0.55234375 0.3375 0.55078125 0.32916666666666666 0.54375 0.3236111111111111 0.53828125 0.325 0.53203125 0.32083333333333336 0.53203125 0.31666666666666665 0.534375 0.3138888888888889 0.55625 0.3013888888888889 0.5625 0.29444444444444445 0.56875 0.29444444444444445 0.578125 0.28888888888888886 0.56875 0.28194444444444444 0.5640625 0.28888888888888886 0.56328125 0.28055555555555556 0.55703125 0.2722222222222222 0.5359375 0.2652777777777778 0.51328125 0.2652777777777778 0.496875 0.2763888888888889 0.5140625 0.30277777777777776 0.52265625 0.30972222222222223 0.5234375 0.32083333333333336 0.53203125 0.3347222222222222 0.5296875 0.3375 0.53203125 0.3402777777777778 0.534375 0.33611111111111114 0.5375 0.3375 0.5359375 0.3472222222222222 0.5296875 0.34305555555555556 0.52734375 0.33611111111111114 0.51875 0.33194444444444443 0.4640625 0.31666666666666665 0.453125 0.30416666666666664 0.453125 0.2972222222222222 0.45859375 0.30416666666666664 0.46171875 0.30416666666666664 0.4609375 0.2986111111111111 0.4625 0.29305555555555557 0.4734375 0.29305555555555557 0.47421875 0.28888888888888886 0.48046875 0.28888888888888886 0.4859375 0.29444444444444445 0.49140625 0.29305555555555557 0.4734375 0.27361111111111114 0.465625 0.2777777777777778 0.45625 0.26666666666666666 0.45546875 0.25972222222222224 0.45703125 0.25833333333333336 0.453125 0.2569444444444444 0.44921875 0.25 0.44609375 0.2375 0.44765625 0.23194444444444445 0.45390625 0.2361111111111111
0 0.76015625 0.4305555555555556 0.76171875 0.43472222222222223 0.765625 0.43194444444444446 0.771875 0.43472222222222223 0.77734375 0.4486111111111111 0.79140625 0.46944444444444444 0.81953125 0.48055555555555557 0.83515625 0.49027777777777776 0.834375 0.49722222222222223 0.828125 0.5041666666666667 0.80625 0.5027777777777778 0.80546875 0.5069444444444444 0.80703125 0.5111111111111111 0.8 0.5055555555555555 0.79375 0.49444444444444446 0.76875 0.4847222222222222 0.73984375 0.4666666666666667 0.73515625 0.46111111111111114 0.73125 0.4513888888888889 0.73125 0.43333333333333335 0.74609375 0.43194444444444446 0.75078125 0.42777777777777776 0.759375 0.4305555555555556
0 0.39375 0.8638888888888889 0.4046875 0.8805555555555555 0.39921875 0.8819444444444444 0.39296875 0.8708333333333333 0.39296875 0.8652777777777778
0 0.42734375 0.22916666666666666 0.446875 0.2638888888888889 0.45390625 0.2708333333333333 0.46015625 0.28194444444444444 0.4671875 0.28194444444444444 0.47734375 0.28888888888888886 0.478125 0.29305555555555557 0.4765625 0.29444444444444445 0.4671875 0.2861111111111111 0.465625 0.2875 0.46484375 0.29305555555555557 0.46796875 0.30416666666666664 0.4609375 0.3138888888888889 0.45390625 0.3111111111111111 0.440625 0.27361111111111114 0.4359375 0.2652777777777778 0.4328125 0.2638888888888889 0.4234375 0.23472222222222222 0.4234375 0.23055555555555557 0.4265625 0.22916666666666666
0 0.45 0.23333333333333334 0.48671875 0.2708333333333333 0.49140625 0.2652777777777778 0.50078125 0.2611111111111111 0.5296875 0.25972222222222224 0.55390625 0.2638888888888889 0.6 0.2875 0.60703125 0.2875 0.61640625 0.2777777777777778 0.61796875 0.2791666666666667 0.61640625 0.2833333333333333 0.61640625 0.2972222222222222 0.61875 0.3013888888888889 0.6375 0.32222222222222224 0.65390625 0.33611111111111114 0.66328125 0.3402777777777778 0.66796875 0.3388888888888889 0.67890625 0.3263888888888889 0.684375 0.30972222222222223 0.6921875 0.29583333333333334 0.69609375 0.29444444444444445 0.69609375 0.2902777777777778 0.70234375 0.28055555555555556 0.70234375 0.2902777777777778 0.7 0.29305555555555557 0.7015625 0.29583333333333334 0.70078125 0.3 0.703125 0.30416666666666664 0.70703125 0.30416666666666664 0.72109375 0.29583333333333334 0.74453125 0.27361111111111114 0.74921875 0.27361111111111114 0.753125 0.28055555555555556 0.75234375 0.2875 0.72265625 0.30416666666666664 0.709375 0.31527777777777777 0.70625 0.32083333333333336 0.70703125 0.3333333333333333 0.721875 0.35555555555555557 0.73046875 0.3625 0.73046875 0.36666666666666664 0.7203125 0.35833333333333334 0.71796875 0.3527777777777778 0.71328125 0.35 0.71171875 0.34305555555555556 0.703125 0.3375 0.7 0.33194444444444443 0.690625 0.3333333333333333 0.68359375 0.3416666666666667 0.69453125 0.35138888888888886 0.6953125 0.35555555555555557 0.68515625 0.35138888888888886 0.6765625 0.35694444444444445 0.67890625 0.3638888888888889 0.68671875 0.36527777777777776 0.68359375 0.3736111111111111 0.6875 0.38472222222222224 0.6875 0.3902777777777778 0.684375 0.39444444444444443 0.68203125 0.4041666666666667 0.66796875 0.4083333333333333 0.6640625 0.4013888888888889 0.6578125 0.4097222222222222 0.65703125 0.39305555555555555 0.65078125 0.38055555555555554 0.65078125 0.3763888888888889 0.63671875 0.3611111111111111 0.63046875 0.37222222222222223 0.63046875 0.3763888888888889 0.62734375 0.37777777777777777 0.61796875 0.37083333333333335 0.6109375 0.36944444444444446 0.60625 0.3638888888888889 0.5984375 0.36527777777777776 0.58828125 0.3611111111111111 0.57734375 0.3611111111111111 0.57421875 0.3680555555555556 0.5671875 0.36944444444444446 0.56484375 0.36527777777777776 0.571875 0.36527777777777776 0.5734375 0.3625 0.57265625 0.35833333333333334 0.56796875 0.35555555555555557 0.5671875 0.35138888888888886 0.56015625 0.35 0.55859375 0.3458333333333333 0.5546875 0.34444444444444444 0.55546875 0.3416666666666667 0.5515625 0.32916666666666666 0.5453125 0.3236111111111111 0.5390625 0.325 0.5328125 0.3194444444444444 0.53359375 0.31527777777777777 0.540625 0.30972222222222223 0.5625 0.29583333333333334 0.5796875 0.28888888888888886 0.56953125 0.28055555555555556 0.565625 0.28194444444444444 0.5640625 0.2861111111111111 0.56328125 0.28055555555555556 0.55625 0.2722222222222222 0.534375 0.2652777777777778 0.5140625 0.2652777777777778 0.49453125 0.2763888888888889 0.49765625 0.28194444444444444 0.49609375 0.2861111111111111 0.49765625 0.2902777777777778 0.5 0.28888888888888886 0.49921875 0.2861111111111111 0.50546875 0.28888888888888886 0.51015625 0.2986111111111111 0.52265625 0.30972222222222223 0.52265625 0.32222222222222224 0.52578125 0.3277777777777778 0.52421875 0.33194444444444443 0.5203125 0.33055555555555555 0.51875 0.3263888888888889 0.5140625 0.32916666666666666 0.49140625 0.325 0.4625 0.3138888888888889 0.459375 0.30833333333333335 0.46875 0.30833333333333335 0.471875 0.30277777777777776 0.46875 0.2972222222222222 0.48203125 0.29444444444444445 0.4875 0.29583333333333334 0.49140625 0.3013888888888889 0.49609375 0.29583333333333334 0.47421875 0.2722222222222222 0.4703125 0.2722222222222222 0.4671875 0.2763888888888889 0.4625 0.2722222222222222 0.46015625 0.2652777777777778 0.4609375 0.25833333333333336 0.4484375 0.24583333333333332 0.44765625 0.23472222222222222 0.44921875 0.23333333333333334
0 0.5640625 0.8388888888888889 0.58984375 0.8569444444444444 0.6015625 0.8694444444444445 0.6015625 0.8791666666666667 0.59921875 0.8847222222222222 0.5890625 0.8861111111111111 0.5828125 0.8847222222222222 0.55625 0.8652777777777778 0.55625 0.8472222222222222 0.559375 0.8402777777777778 0.56328125 0.8388888888888889
0 0.54296875 0.2611111111111111 0.5640625 0.26805555555555555 0.58125 0.28194444444444444 0.6125 0.2902777777777778 0.6140625 0.29305555555555557 0.61015625 0.3 0.60703125 0.3 0.60546875 0.29583333333333334 0.6 0.3055555555555556 0.58828125 0.30833333333333335 0.5875 0.3111111111111111 0.59609375 0.32083333333333336 0.60546875 0.32222222222222224 0.61171875 0.3277777777777778 0.61328125 0.3333333333333333 0.58828125 0.3236111111111111 0.59453125 0.32083333333333336 0.5890625 0.31666666666666665 0.5796875 0.3236111111111111 0.5375 0.31666666666666665 0.53671875 0.3138888888888889 0.540625 0.30972222222222223 0.546875 0.30833333333333335 0.5625 0.29583333333333334 0.5765625 0.28888888888888886 0.57578125 0.2847222222222222 0.5703125 0.28194444444444444 0.5671875 0.28194444444444444 0.56328125 0.28888888888888886 0.5625 0.2791666666666667 0.55703125 0.2722222222222222 0.534375 0.2652777777777778 0.51484375 0.2652777777777778 0.49140625 0.275 0.4890625 0.26944444444444443 0.490625 0.2652777777777778 0.5 0.2611111111111111 0.51171875 0.25833333333333336 0.5421875 0.2611111111111111
0 0.5453125 0.3236111111111111 0.55078125 0.32222222222222224 0.553125 0.325 0.5546875 0.33611111111111114 0.5671875 0.36944444444444446 0.56484375 0.3763888888888889 0.56171875 0.3763888888888889 0.559375 0.37222222222222223 0.5453125 0.325
0 0.23671875 0.7708333333333334 0.2265625 0.8180555555555555 0.2234375 0.85 0.221875 0.8513888888888889 0.21953125 0.85 0.21953125 0.8388888888888889 0.2265625 0.7847222222222222 0.23046875 0.7708333333333334 0.2359375 0.7708333333333334
0 0.4546875 0.23333333333333334 0.4671875 0.25 0.50625 0.2875 0.5125 0.2972222222222222 0.5140625 0.30277777777777776 0.5125 0.3055555555555556 0.5015625 0.3013888888888889 0.4734375 0.2722222222222222 0.471875 0.2777777777777778 0.475 0.2861111111111111 0.46640625 0.2847222222222222 0.46484375 0.2777777777777778 0.45625 0.2652777777777778 0.4578125 0.25833333333333336 0.45 0.25277777777777777 0.44609375 0.24444444444444444 0.44609375 0.22916666666666666 0.45390625 0.23333333333333334
0 0.615625 0.9652777777777778 0.6203125 0.9722222222222222 0.621875 0.9944444444444445 0.61953125 0.9986111111111111 0.58828125 0.9986111111111111 0.58671875 0.9944444444444445 0.5890625 0.9902777777777778 0.58828125 0.9833333333333333 0.5953125 0.9708333333333333 0.609375 0.9625 0.61484375 0.9652777777777778
0 0.3265625 0.7611111111111111 0.3546875 0.7666666666666667 0.359375 0.7694444444444445 0.359375 0.7736111111111111 0.3328125 0.7722222222222223 0.3171875 0.7652777777777777 0.30703125 0.7541666666666667 0.27890625 0.7569444444444444 0.26875 0.7638888888888888 0.23671875 0.7666666666666667 0.19453125 0.7888888888888889 0.15234375 0.8180555555555555 0.1484375 0.8180555555555555 0.14765625 0.8152777777777778 0.1609375 0.8027777777777778 0.2203125 0.7652777777777777 0.234375 0.7597222222222222 0.2375 0.7555555555555555 0.29609375 0.7472222222222222 0.31015625 0.7388888888888889 0.315625 0.7569444444444444 0.32578125 0.7611111111111111
0 0.49453125 0.13472222222222222 0.49921875 0.1527777777777778 0.4984375 0.18194444444444444 0.49140625 0.22083333333333333 0.48125 0.2375 0.47578125 0.2375 0.4734375 0.23194444444444445 0.475 0.16527777777777777 0.48125 0.1361111111111111 0.48671875 0.13194444444444445 0.49375 0.13472222222222222
0 0.9765625 0.39305555555555555 0.9765625 0.3861111111111111 0.98359375 0.37916666666666665 0.98828125 0.36944444444444446 0.98828125 0.3527777777777778 0.99375 0.3486111111111111 0.9953125 0.35 0.99609375 0.36666666666666664 0.9875 0.3861111111111111 0.97734375 0.39305555555555555
0 0.6875 0.35138888888888886 0.6921875 0.35555555555555557 0.68984375 0.3680555555555556 0.6828125 0.375 0.678125 0.375 0.675 0.37083333333333335 0.67265625 0.37777777777777777 0.665625 0.38055555555555554 0.67109375 0.3736111111111111 0.6703125 0.35555555555555557 0.67578125 0.3541666666666667 0.678125 0.3486111111111111 0.68671875 0.35138888888888886
0 0.309375 0.7291666666666666 0.3125 0.7361111111111112 0.3109375 0.7444444444444445 0.3015625 0.7444444444444445 0.3 0.7388888888888889 0.30078125 0.7319444444444444 0.30859375 0.7291666666666666
0 0.24140625 0.6069444444444444 0.24921875 0.6166666666666667 0.2578125 0.6486111111111111 0.25859375 0.6583333333333333 0.25546875 0.6638888888888889 0.25078125 0.6611111111111111 0.24453125 0.65 0.2359375 0.6277777777777778 0.234375 0.6083333333333333 0.240625 0.6069444444444444
0 0.53671875 0.3236111111111111 0.54453125 0.33194444444444443 0.5453125 0.3458333333333333 0.540625 0.3527777777777778 0.53984375 0.36527777777777776 0.5359375 0.36944444444444446 0.53203125 0.36527777777777776 0.52578125 0.3277777777777778 0.52734375 0.3236111111111111 0.5359375 0.3236111111111111
0 0.18203125 0.8486111111111111 0.1875 0.8625 0.19140625 0.9083333333333333 0.190625 0.9180555555555555 0.18359375 0.9236111111111112 0.17890625 0.9222222222222223 0.17578125 0.9166666666666666 0.17265625 0.8694444444444445 0.1765625 0.85 0.178125 0.8472222222222222 0.18125 0.8486111111111111
0 0.285546875 0.9416666666666667 0.00546875 0.013888888888888888
0 0.521875 0.9388888888888889 0.52890625 0.9472222222222222 0.53359375 0.9652777777777778 0.5328125 0.9805555555555555 0.52578125 0.9986111111111111 0.49140625 0.9986111111111111 0.48984375 0.9944444444444445 0.49375 0.9708333333333333 0.49375 0.95 0.50234375 0.9416666666666667 0.52109375 0.9388888888888889
0 0.14765625 0.7125 0.1484375 0.7208333333333333 0.14140625 0.7388888888888889 0.13046875 0.7569444444444444 0.12734375 0.7569444444444444 0.12734375 0.7527777777777778 0.13828125 0.7277777777777777 0.146875 0.7138888888888889
0 0.76796875 0.43194444444444446 0.78984375 0.46805555555555556 0.79765625 0.4736111111111111 0.7984375 0.4777777777777778 0.80625 0.47638888888888886 0.83046875 0.49027777777777776 0.8421875 0.4930555555555556 0.8453125 0.49583333333333335 0.84609375 0.5041666666666667 0.84453125 0.5166666666666667 0.8390625 0.5069444444444444 0.82890625 0.5083333333333333 0.828125 0.5 0.8296875 0.49444444444444446 0.8265625 0.4888888888888889 0.8171875 0.4875 0.8140625 0.48194444444444445 0.8015625 0.4861111111111111 0.80234375 0.4986111111111111 0.81171875 0.5138888888888888 0.82109375 0.5527777777777778 0.82109375 0.5652777777777778 0.81796875 0.5666666666666667 0.815625 0.5513888888888889 0.80859375 0.5277777777777778 0.79765625 0.5013888888888889 0.78984375 0.49027777777777776 0.78046875 0.4638888888888889 0.76796875 0.44583333333333336 0.76796875 0.43333333333333335
0 0.2171875 0.8805555555555555 0.2234375 0.8902777777777777 0.21640625 0.9055555555555556 0.20859375 0.9027777777777778 0.20546875 0.8986111111111111 0.20625 0.8916666666666667 0.21171875 0.8805555555555555 0.21640625 0.8805555555555555
0 0.203125 0.6861111111111111 0.2046875 0.6888888888888889 0.20390625 0.6930555555555555 0.196875 0.7083333333333334 0.19140625 0.7277777777777777 0.18984375 0.7458333333333333 0.1859375 0.7555555555555555 0.1828125 0.7569444444444444 0.1765625 0.7541666666666667 0.16953125 0.7444444444444445 0.16875 0.7305555555555555 0.18203125 0.7055555555555556 0.20234375 0.6861111111111111
0 0.328125 0.6277777777777778 0.334375 0.6361111111111111 0.3328125 0.6444444444444445 0.32890625 0.6486111111111111 0.3203125 0.6416666666666667 0.3203125 0.6333333333333333 0.3234375 0.6277777777777778 0.32734375 0.6277777777777778
0 0.40390625 0.8569444444444444 0.40625 0.8486111111111111 0.40859375 0.8486111111111111 0.40859375 0.8527777777777777 0.4078125 0.8569444444444444 0.4046875 0.8569444444444444
0 0.10390625 0.8784722222222222 0.0296875 0.059722222222222225
0 0.3 0.7486111111111111 0.31015625 0.7444444444444445 0.31328125 0.7541666666666667 0.3234375 0.7611111111111111 0.359375 0.7694444444444445 0.36015625 0.7722222222222223 0.35859375 0.7736111111111111 0.33203125 0.7722222222222223 0.31640625 0.7652777777777777 0.30625 0.7513888888888889 0.30078125 0.75
0 0.59296875 0.8555555555555555 0.5984375 0.8555555555555555 0.62265625 0.8805555555555555 0.625 0.8888888888888888 0.61953125 0.8888888888888888 0.6015625 0.8694444444444445 0.59375 0.8569444444444444
0 0.42109375 0.7270833333333333 0.00625 0.009722222222222222
0 0.74921875 0.2722222222222222 0.7546875 0.28194444444444444 0.7515625 0.2902777777777778 0.7390625 0.29444444444444445 0.71328125 0.3125 0.70703125 0.32083333333333336 0.703125 0.33194444444444443 0.6890625 0.33194444444444443 0.678125 0.3458333333333333 0.67109375 0.34444444444444444 0.66953125 0.3375 0.6765625 0.32916666666666666 0.68203125 0.31527777777777777 0.68515625 0.3138888888888889 0.68515625 0.30833333333333335 0.68984375 0.30694444444444446 0.6875 0.30416666666666664 0.6890625 0.3 0.70234375 0.2763888888888889 0.7046875 0.2763888888888889 0.7046875 0.28055555555555556 0.7015625 0.2916666666666667 0.7015625 0.3 0.7078125 0.30277777777777776 0.7203125 0.29583333333333334 0.740625 0.275 0.7484375 0.2722222222222222
0 0.39140625 0.21666666666666667 0.40390625 0.2222222222222222 0.42265625 0.2375 0.42734375 0.25 0.4265625 0.25833333333333336 0.42265625 0.2625 0.40625 0.25972222222222224 0.40234375 0.2513888888888889 0.39375 0.24444444444444444 0.3890625 0.24444444444444444 0.38671875 0.24861111111111112 0.38203125 0.2375 0.37734375 0.23333333333333334 0.3765625 0.2263888888888889 0.37734375 0.22083333333333333 0.38046875 0.21666666666666667 0.390625 0.21666666666666667
0 0.534375 0.8083333333333333 0.5390625 0.8138888888888889 0.53671875 0.8166666666666667 0.52421875 0.8097222222222222 0.49375 0.8138888888888889 0.49375 0.8069444444444445 0.50078125 0.8041666666666667 0.52578125 0.8027777777777778 0.53359375 0.8083333333333333
0 0.678125 0.8944444444444445 0.678125 0.8986111111111111 0.67109375 0.9111111111111111 0.6546875 0.9291666666666667 0.62265625 0.9486111111111111 0.60859375 0.9638888888888889 0.5890625 0.9708333333333333 0.57109375 0.9847222222222223 0.56484375 0.9847222222222223 0.56953125 0.9763888888888889 0.653125 0.9208333333333333 0.67734375 0.8944444444444445
0 0.5640625 0.31805555555555554 0.590625 0.33055555555555555 0.59296875 0.3375 0.5921875 0.35 0.59375 0.3541666666666667 0.5921875 0.3597222222222222 0.5859375 0.36666666666666664 0.5640625 0.375 0.56484375 0.3680555555555556 0.56328125 0.36666666666666664 0.5625 0.37222222222222223 0.56015625 0.37222222222222223 0.559375 0.36666666666666664 0.5640625 0.35833333333333334 0.559375 0.35555555555555557 0.55703125 0.3638888888888889 0.55703125 0.35 0.55390625 0.3486111111111111 0.55390625 0.34305555555555556 0.54765625 0.3263888888888889 0.5484375 0.32222222222222224 0.55859375 0.31666666666666665 0.56328125 0.31805555555555554
0 0.3796875 0.7958333333333333 0.38359375 0.7958333333333333 0.384375 0.7986111111111112 0.38359375 0.8069444444444445 0.3796875 0.8069444444444445 0.3796875 0.7972222222222223
0 0.2265625 0.6819444444444445 0.2390625 0.6902777777777778 0.246875 0.7027777777777777 0.2515625 0.7055555555555556 0.25234375 0.7097222222222223 0.2484375 0.7180555555555556 0.2484375 0.7277777777777777 0.2453125 0.7416666666666667 0.2234375 0.7625 0.209375 0.7694444444444445 0.20390625 0.7680555555555556 0.19765625 0.7555555555555555 0.19609375 0.7486111111111111 0.19765625 0.7055555555555556 0.20546875 0.6958333333333333 0.21953125 0.6847222222222222 0.22578125 0.6833333333333333
0 0.25390625 0.7013888888888888 0.25625 0.7041666666666667 0.25625 0.7097222222222223 0.25078125 0.7166666666666667 0.24765625 0.7166666666666667 0.24609375 0.7027777777777777 0.253125 0.7013888888888888
0 0.34296875 0.19027777777777777 0.371875 0.20833333333333334 0.3765625 0.21805555555555556 0.3703125 0.23472222222222222 0.36171875 0.23472222222222222 0.3421875 0.22361111111111112 0.328125 0.20972222222222223 0.32421875 0.20277777777777778 0.32421875 0.19722222222222222 0.3265625 0.19305555555555556 0.3375 0.18888888888888888 0.3421875 0.19027777777777777
0 0.30234375 0.6722222222222223 0.30625 0.6777777777777778 0.303125 0.6875 0.2984375 0.6875 0.29296875 0.6819444444444445 0.29453125 0.6736111111111112 0.3015625 0.6722222222222223
0 0.3421875 0.925 0.3828125 0.9527777777777777 0.39609375 0.9666666666666667 0.4078125 0.9708333333333333 0.4125 0.9861111111111112 0.41171875 0.9958333333333333 0.3921875 0.9944444444444445 0.37578125 0.9708333333333333 0.3515625 0.9513888888888888 0.3375 0.9444444444444444 0.33515625 0.9305555555555556 0.33671875 0.9263888888888889 0.34140625 0.925
0 0.33203125 0.8263888888888888 0.3375 0.8291666666666667 0.3359375 0.8319444444444445 0.32578125 0.8305555555555556 0.32734375 0.8263888888888888 0.33125 0.8263888888888888
0 0.32890625 0.19027777777777777 0.3328125 0.19305555555555556 0.33203125 0.21388888888888888 0.3265625 0.20972222222222223 0.3234375 0.20277777777777778 0.3234375 0.19583333333333333 0.328125 0.19027777777777777
0 0.3 0.7055555555555556 0.30078125 0.7083333333333334 0.296875 0.7138888888888889 0.26484375 0.7402777777777778 0.25546875 0.7513888888888889 0.2546875 0.7458333333333333 0.26796875 0.7236111111111111 0.26875 0.7152777777777778 0.271875 0.7138888888888889 0.26953125 0.7236111111111111 0.27265625 0.7263888888888889 0.29921875 0.7055555555555556
0 0.746875 0.44027777777777777 0.75234375 0.4444444444444444 0.7625 0.44583333333333336 0.76875 0.43194444444444446 0.790625 0.46944444444444444 0.84296875 0.49444444444444446 0.84140625 0.5013888888888889 0.8390625 0.5013888888888889 0.83828125 0.49583333333333335 0.83671875 0.5027777777777778 0.828125 0.5069444444444444 0.825 0.5027777777777778 0.8171875 0.5 0.80625 0.5013888888888889 0.8125 0.5152777777777777 0.81796875 0.5388888888888889 0.82109375 0.5555555555555556 0.8203125 0.5666666666666667 0.81640625 0.5638888888888889 0.81640625 0.5541666666666667 0.80859375 0.5277777777777778 0.79296875 0.49444444444444446 0.765625 0.48194444444444445 0.73359375 0.4597222222222222 0.73125 0.4513888888888889 0.73125 0.4375 0.7328125 0.43472222222222223 0.74375 0.43472222222222223 0.74609375 0.44027777777777777
0 0.54375 0.8972222222222223 0.54609375 0.8986111111111111 0.5515625 0.9138888888888889 0.55078125 0.9347222222222222 0.54765625 0.9388888888888889 0.53984375 0.9388888888888889 0.5453125 0.9347222222222222 0.54296875 0.9277777777777778 0.53828125 0.9236111111111112 0.54375 0.8986111111111111
0 0.7140625 0.37083333333333335 0.7234375 0.37777777777777777 0.7421875 0.4111111111111111 0.73671875 0.41944444444444445 0.73046875 0.4222222222222222 0.728125 0.4305555555555556 0.7203125 0.4388888888888889 0.71484375 0.4527777777777778 0.7078125 0.4527777777777778 0.70078125 0.44583333333333336 0.68359375 0.4486111111111111 0.678125 0.4444444444444444 0.6703125 0.42916666666666664 0.67109375 0.41388888888888886 0.6828125 0.4013888888888889 0.6859375 0.3902777777777778 0.68671875 0.375 0.71328125 0.37083333333333335
0 0.2671875 0.1597222222222222 0.271875 0.16666666666666666 0.26953125 0.175 0.2546875 0.17222222222222222 0.25 0.16666666666666666 0.25 0.16111111111111112 0.253125 0.15694444444444444 0.26640625 0.1597222222222222
0 0.46796875 0.2722222222222222 0.47421875 0.28194444444444444 0.47421875 0.2875 0.46484375 0.2847222222222222 0.4625 0.27361111111111114 0.4671875 0.2722222222222222
0 0.25703125 0.5666666666666667 0.26171875 0.5736111111111111 0.2640625 0.5916666666666667 0.2609375 0.5930555555555556 0.25390625 0.5888888888888889 0.24453125 0.5958333333333333 0.2421875 0.5916666666666667 0.24453125 0.5736111111111111 0.25078125 0.5638888888888889 0.25625 0.5666666666666667
0 0.5578125 0.8180555555555555 0.5625 0.825 0.5625 0.8305555555555556 0.55703125 0.8388888888888889 0.553125 0.8333333333333334 0.5515625 0.825 0.553125 0.8180555555555555 0.55703125 0.8180555555555555
0 0.4390625 0.26666666666666666 0.45 0.3055555555555556 0.45390625 0.3416666666666667 0.4625 0.3902777777777778 0.4625 0.3972222222222222 0.45546875 0.40555555555555556 0.44921875 0.4041666666666667 0.44296875 0.3902777777777778 0.4375 0.39444444444444443 0.43125 0.39444444444444443 0.42578125 0.3888888888888889 0.425 0.3541666666666667 0.41171875 0.32222222222222224 0.41171875 0.31527777777777777 0.4171875 0.2986111111111111 0.42734375 0.2861111111111111 0.434375 0.2638888888888889 0.43828125 0.26666666666666666
0 0.428125 0.9027777777777778 0.4421875 0.9222222222222223 0.4453125 0.9222222222222223 0.45234375 0.9 0.4546875 0.9 0.45 0.9319444444444445 0.459375 0.9569444444444445 0.459375 0.9611111111111111 0.45390625 0.9625 0.446875 0.9541666666666667 0.4421875 0.9555555555555556 0.4328125 0.975 0.4296875 0.9875 0.421875 0.9930555555555556 0.4203125 0.9902777777777778 0.421875 0.9583333333333334 0.4234375 0.9555555555555556 0.43203125 0.9555555555555556 0.44140625 0.9458333333333333 0.4375 0.9263888888888889 0.42734375 0.9083333333333333 0.42734375 0.9041666666666667
0 0.52578125 0.2652777777777778 0.5515625 0.2708333333333333 0.5609375 0.2777777777777778 0.5609375 0.2861111111111111 0.55703125 0.2986111111111111 0.53203125 0.3138888888888889 0.525 0.3125 0.5203125 0.3055555555555556 0.51484375 0.30277777777777776 0.50703125 0.28194444444444444 0.50703125 0.275 0.5109375 0.26805555555555555 0.525 0.2652777777777778
0 0.26875 0.7111111111111111 0.27265625 0.7083333333333334 0.26953125 0.7319444444444444 0.2546875 0.7513888888888889 0.2546875 0.7458333333333333 0.2640625 0.7319444444444444 0.26875 0.7125
0 0.515625 0.8680555555555556 0.51875 0.8694444444444445 0.52109375 0.8763888888888889 0.51640625 0.8763888888888889 0.51484375 0.8694444444444445
0 0.4546875 0.8986111111111111 0.45546875 0.9013888888888889 0.45078125 0.9194444444444444 0.45 0.9305555555555556 0.45390625 0.9458333333333333 0.459375 0.9555555555555556 0.45859375 0.9625 0.4546875 0.9625 0.44921875 0.9569444444444445 0.44140625 0.9416666666666667 0.43828125 0.9277777777777778 0.42734375 0.9083333333333333 0.428125 0.9027777777777778 0.4421875 0.9222222222222223 0.44453125 0.9222222222222223 0.45390625 0.8986111111111111
0 0.678125 0.36666666666666664 0.68671875 0.375 0.69296875 0.3888888888888889 0.6984375 0.39166666666666666 0.70625 0.4083333333333333 0.71328125 0.4152777777777778 0.7171875 0.4152777777777778 0.71953125 0.42777777777777776 0.7265625 0.41805555555555557 0.72734375 0.4097222222222222 0.73359375 0.41388888888888886 0.7375 0.4027777777777778 0.74453125 0.4083333333333333 0.74765625 0.4152777777777778 0.74765625 0.4236111111111111 0.7375 0.43194444444444446 0.73359375 0.42916666666666664 0.73203125 0.4444444444444444 0.73359375 0.45416666666666666 0.7421875 0.4666666666666667 0.74140625 0.4722222222222222 0.74921875 0.4875 0.7515625 0.49722222222222223 0.7375 0.48055555555555557 0.72265625 0.4527777777777778 0.72109375 0.44583333333333336 0.70625 0.4305555555555556 0.70390625 0.4263888888888889 0.703125 0.41805555555555557 0.696875 0.4097222222222222 0.6921875 0.40555555555555556 0.6890625 0.40694444444444444 0.6890625 0.4027777777777778 0.684375 0.4041666666666667 0.678125 0.40694444444444444 0.671875 0.41944444444444445 0.67109375 0.4152777777777778 0.67421875 0.4125 0.67421875 0.4027777777777778 0.678125 0.40694444444444444 0.6828125 0.39444444444444443 0.6828125 0.3902777777777778 0.6765625 0.37916666666666665 0.6765625 0.36944444444444446 0.6734375 0.36527777777777776 0.675 0.3625 0.67734375 0.36666666666666664